fecha	cp	minsplit	minbucket	maxdepth	xval_folds	ganancia	iteracion
20220911 001214	-1.20244588325731	2663.39042260661	519.856568395335	16	5	19453333.3333333	1
20220911 001434	-1.01877492940548	3211.04287498019	306.494605469925	8	5	18925333.3333333	2
20220911 001559	0.0779079388594255	1905.32314631855	701.830148708541	11	5	-1196000	3
20220911 001726	-0.623436636736733	4933.49890561949	381.141185268643	4	5	17680000	4
20220911 002008	-1.73846126575663	2351.60416308208	882.41223160876	9	5	19146666.6666667	5
20220911 002152	-0.422236277317279	2163.57077297725	600.841278923326	5	5	19581333.3333333	6
20220911 002512	-1.63988316397154	1550.61309323501	438.799608101544	17	5	20416000	7
20220911 002805	-0.907803052167583	3543.17929685058	733.244047156768	15	5	18866666.6666667	8
20220911 003126	-0.268565817527997	3019.09396288975	138.012501860794	14	5	19229333.3333333	9
20220911 003403	-1.49473086916842	3910.30142253003	426.625693129608	10	5	18493333.3333333	10
20220911 003554	-0.710039141740708	4589.84617091628	888.285830375389	6	5	17720000	11
20220911 003843	-1.97090089312405	4090.95691473049	785.540617005609	20	5	18530666.6666667	12
20220911 004308	-1.174999968661	4152.21573480715	578.734661638737	17	5	18442666.6666667	14
20220911 004421	-1.74692174594384	3041.59259624624	330.477552418597	3	5	18442666.6666667	15
20220911 004717	-0.605908922641538	4024.50727131218	460.207194276154	13	5	18442666.6666667	16
20220911 005105	-0.432034580663274	1882.47837769917	100.176584053229	16	5	20453333.3333333	17
20220911 005311	-0.392529920775155	3539.92846006759	100.633443900014	7	5	18546666.6666667	18
20220911 005727	-0.791622790036435	274.133710096676	135.845775353037	19	5	19440000	19
20220911 010114	-0.37350193277303	561.939016214982	280.04960981733	20	5	20901333.3333333	20
20220911 010543	-1.33776537554135	202.929512948603	100.251846803366	20	5	19173333.3333333	21
20220911 011008	-1.84640437862302	202.139219996631	100.756695269581	20	5	19173333.3333333	22
20220911 011334	-0.491644998091085	901.49965676959	450.05569709745	20	5	20173333.3333333	23
20220911 011448	-0.850588793242063	1027.44677757108	511.694922475219	3	5	18565333.3333333	24
20220911 011748	-1.43170820444847	1836.98379205235	916.032488209897	20	5	19146666.6666667	25
20220911 012135	-0.348591598082033	211.295250545598	100.675515744429	14	5	19293333.3333333	26
20220911 012500	-0.375963191931513	2414.76744156402	303.483307362163	20	5	19749333.3333333	27
20220911 012825	-1.58381797072508	210.334528619818	103.679524868134	12	5	19424000	28
20220911 013205	-1.060241364752	626.702405730021	311.781979316217	20	5	20509333.3333333	29
20220911 013350	-1.10512411326483	1976.53330755979	987.279597197145	5	5	18973333.3333333	30
20220911 013749	-0.426788616731854	424.515898916382	210.995667661883	20	5	20338666.6666667	31
20220911 014155	-0.30501556799506	1118.60690011437	151.132278994163	20	5	20418666.6666667	32
20220911 014520	-0.396166140917194	1050.08707326711	407.23564485384	16	5	20682666.6666667	33
20220911 014800	-1.99967579937696	1016.66241563826	506.698082488148	9	5	20184000	34
20220911 015114	-1.864946045065	1183.06528409538	590.974482798273	15	5	19546666.6666667	35
20220911 015452	-1.9998736714988	2359.34292691562	101.434990152921	15	5	19634666.6666667	36
20220911 015902	-0.967643719442576	1718.54803340879	100.470970910975	20	5	20610666.6666667	37
20220911 020254	-1.1025684539486	1457.07639921641	100.329917757816	16	5	20930666.6666667	38
20220911 020641	-1.00528530642715	1018.66813572006	100.517235088135	15	5	20874666.6666667	39
20220911 020755	-1.56708988261267	1396.27210671075	691.938450870974	3	5	18533333.3333333	40
20220911 021131	-1.04007859057263	1510.03725892967	229.009110058584	16	5	20866666.6666667	41
20220911 021245	-0.567634225269534	1999.74144961819	999.670627955552	3	5	18378666.6666667	42
20220911 021357	-1.99962388641047	220.810125627803	100.164957237337	3	5	18208000	43
20220911 021725	-1.99995589137035	871.373518213976	430.432366300393	20	5	20064000	44
20220911 022131	-1.66136564449202	2293.26828420382	100.048953326824	20	5	19642666.6666667	45
20220911 022444	-1.14764186491294	933.880028220032	247.150283861177	12	5	20880000	46
20220911 022800	-1.10054336902488	1112.87078340865	555.487749320424	14	5	19592000	47
20220911 023115	-1.19824480830194	1398.21027989989	101.660686505077	12	5	20829333.3333333	48
20220911 023505	-1.16112487794393	1088.10604111475	177.081658573101	16	5	20730666.6666667	49
20220911 023618	-1.14488303824309	690.815878805737	100.170312263318	3	5	18208000	50
20220911 023926	-1.38690925087676	1590.06779624964	283.136270839724	12	5	20757333.3333333	51
20220911 024245	-0.907652881293276	1531.17628020508	260.422321790288	13	5	20800000	52
20220911 024555	-0.517319115144604	1473.24889759463	291.529284388874	12	5	21010666.6666667	53
20220911 024903	-0.65150028227324	1571.43966619203	294.536156891424	12	5	20781333.3333333	54
20220911 025153	-1.71063703813565	1270.90743932701	311.559878314777	10	5	20989333.3333333	55
20220911 025524	-0.384898276726545	1330.01687440069	272.597930262167	15	5	21173333.3333333	56
20220911 025813	-1.91666498141138	1651.72480248538	317.139106699273	10	5	20746666.6666667	57
20220911 025926	-0.428818353994454	1407.95241754988	328.328170336998	3	5	18504000	58
20220911 030253	-1.77261803287518	1773.61023883931	346.578182694507	20	5	20584000	59
20220911 030543	-1.28971157349393	1264.94582651296	286.696207977844	10	5	21282666.6666667	60
20220911 030831	-1.27803820185724	1710.61287344815	265.499761606002	10	5	20709333.3333333	61
20220911 031122	-1.32482870147996	949.676847167864	331.428342458285	10	5	20930666.6666667	62
20220911 031459	-1.52672389198078	1233.91957466415	289.239575496088	20	5	21138666.6666667	63
20220911 031748	-1.49936261276241	1236.02046473079	282.016203506824	10	5	21248000	64
20220911 031901	-1.99849356625014	4999.01134465054	999.92062898011	3	5	17456000	65
20220911 032144	-1.56604493962489	4995.63802009369	999.945950189732	20	5	17674666.6666667	66
20220911 032502	-1.99951718180194	4999.67704169791	279.139687781691	20	5	17661333.3333333	67
20220911 032835	-0.553317323221338	1240.39182953722	285.671407084891	16	5	21266666.6666667	68
20220911 033210	-0.396042799797296	1122.9705044823	280.160609143436	17	5	21192000	69
20220911 033539	-0.511227619981636	1208.04385828775	293.48754346952	15	5	21178666.6666667	70
20220911 033914	-1.2727506850389	1294.54828627352	291.370074155598	20	5	21178666.6666667	71
20220911 034248	-1.46675220640744	1283.17301106062	293.483809782478	18	5	21144000	72
20220911 034623	-0.95589496437426	1249.69761726857	289.163618223972	18	5	21146666.6666667	73
20220911 034923	-1.2675733120074	1212.76654292236	284.660008080106	11	5	21336000	74
20220911 035234	-1.99992096964542	1201.74344527819	288.765390851349	12	5	21272000	75
20220911 035608	-1.96676488736251	1299.91929969914	285.339254216107	17	5	21197333.3333333	76
20220911 035945	-1.65620755146039	1229.88969502651	283.964255048114	19	5	21250666.6666667	77
20220911 040235	-1.99998023564319	1264.61321507332	272.845218656194	10	5	21309333.3333333	78
20220911 040612	-1.80119445752143	1236.63982607291	276.212499270148	17	5	21341333.3333333	79
20220911 040950	-1.7547420615604	1252.28918016755	276.887644654516	18	5	21357333.3333333	80
20220911 041328	-1.83426987143101	1248.78586325801	272.904385172111	18	5	21306666.6666667	81
20220911 041630	-1.95341188762192	1168.77872128942	260.567523548768	11	5	21296000	82
20220911 041926	-1.99963557471461	2003.1298814064	999.655930852493	18	5	18781333.3333333	83
20220911 042152	-1.98529598787659	1197.48827427334	278.852548973884	8	5	21298666.6666667	84
20220911 042526	-1.58396302127384	1249.41204579755	272.293443578986	16	5	21306666.6666667	85
20220911 042836	-1.28822575539553	1211.6133946339	274.554140440751	12	5	21360000	86
20220911 043207	-1.88636591535725	1201.6816618459	268.029784108987	15	5	21234666.6666667	87
20220911 043528	-1.55263119290412	1224.45757343183	273.039212764146	13	5	21357333.3333333	88
20220911 043839	-1.56421896160055	1216.24331735783	267.700012963218	12	5	21221333.3333333	89
20220911 044205	-1.78341764600804	1251.28722853741	273.672045950873	14	5	21338666.6666667	90
20220911 044523	-1.95501289721489	1213.15318521851	275.622923581589	13	5	21360000	91
20220911 044857	-1.72122003776271	1249.25066649793	273.194029374238	16	5	21338666.6666667	92
20220911 045222	-1.5520798236497	1304.7821195494	276.306896945462	14	5	21245333.3333333	93
20220911 045541	-1.77254115432722	1197.90790338081	273.021748901642	13	5	21370666.6666667	94
20220911 045901	-1.50784964815416	1178.93035714356	274.227022814757	13	5	21354666.6666667	95
20220911 050229	-0.345177753427237	4998.36854723957	100.529704730119	16	5	17338666.6666667	96
20220911 050343	-1.29494397883532	3595.25392238047	999.451357906234	3	5	18378666.6666667	97
20220911 050702	-1.45895837853802	1184.56066009887	273.366858502337	13	5	21344000	98
20220911 051022	-1.82722843414427	1204.2220861594	271.007071761134	13	5	21344000	99
20220911 051339	-0.575618409192961	1227.96945162855	341.418723802922	13	5	20824000	100
20220911 051658	-1.28143318618816	1201.19773102988	274.579102199108	13	5	21376000	101
20220911 051937	-1.97317258313816	1112.27145231004	285.957041434986	9	5	21197333.3333333	102
20220911 052311	-1.77720199400068	1249.57810707745	271.257488638799	16	5	21312000	103
20220911 052537	-1.45428335841929	1180.75884117319	275.704611353055	8	5	21317333.3333333	104
20220911 052915	-1.60876464864099	1212.65980796242	273.961553039546	18	5	21357333.3333333	105
20220911 053254	-1.71541293182975	1230.90774374661	268.708207737835	18	5	21218666.6666667	106
20220911 053630	-0.820361785223724	1283.97773489727	279.252474023366	17	5	21325333.3333333	107
20220911 053949	-1.62138542731501	1229.88881900704	279.317910659828	13	5	21269333.3333333	108
20220911 054324	-0.746117653256	1276.92897373975	278.748143589179	17	5	21264000	109
20220911 054621	-0.828733763701499	2006.86921810173	999.450605154337	20	5	18797333.3333333	110
20220911 054939	-1.74509423240644	1225.64149417983	276.665595817738	13	5	21378666.6666667	111
20220911 055121	-0.873368077789203	3085.50502731455	605.269210157942	5	5	18786666.6666667	112
20220911 055455	-1.61055612805758	1140.64778064997	291.873049880499	17	5	21154666.6666667	113
20220911 055758	-1.99882311535163	1211.62378092015	217.396212464929	11	5	21125333.3333333	114
20220911 060056	-1.28031193049642	2425.01478558694	790.555372800774	18	5	19045333.3333333	115
20220911 060356	-1.99316874039643	1199.49636056299	379.644502861866	11	5	20752000	116
