Feature	Gain	Cover	Frequency
azar_sampling	0.483946101307504	0.00871403665550624	0.0141287284144427
ctrx_quarter_normalizado	0.225594374782523	0.0131799446985461	0.0117739403453689
azar_under	0.0231904121704425	0.00918986585867774	0.0160910518053375
mcaja_ahorro_rank	0.020485521949521	0.00568267229235168	0.0054945054945055
vm_status06_delta2	0.0122008772601477	0.00103237430072138	0.000392464678178964
mcuenta_corriente_rank	0.0105189500635761	0.00175416516547041	0.00470957613814757
ctarjeta_visa_transacciones_ratiomax6	0.00882487747568012	0.00122768055365186	0.00196232339089482
mpayroll_sobre_edad_rank	0.00783876918761203	0.00633856725319315	0.00353218210361068
ctrx_quarter_ratioavg6	0.00754552148418813	0.00295279584656879	0.00588697017268446
cdescubierto_preacordado_delta3	0.00657713017427621	0.00267317838330819	0.00117739403453689
ctarjeta_visa_transacciones_ratioavg6	0.00596020027652413	0.00270899838297546	0.00313971742543171
mprestamos_personales_rank_ratioavg6	0.00571531696815961	0.00764035757097757	0.0054945054945055
mtarjeta_visa_consumo_rank	0.00539648611060641	0.00151811900683345	0.00196232339089482
ccomisiones_mantenimiento_ratioavg6	0.00530282881303945	0.003390701124442	0.00313971742543171
cpayroll_trx	0.0050553798237215	0.00182501041075246	0.00117739403453689
mcuentas_saldo_rank	0.0050472298848114	0.0040909144867501	0.00353218210361068
cpayroll_trx_min6	0.0037473345096217	0.00324389729563544	0.00156985871271586
ccomisiones_mantenimiento_tend6	0.00370811755924063	0.00409250259317244	0.00274725274725275
foto_mes	0.00316637571711824	0.00458584582083396	0.00745682888540032
rf_015_036	0.00294908903760242	0.00322358270924617	0.00156985871271586
cproductos_delta2	0.00289500387656912	0.000123185476453071	0.000392464678178964
mpayroll_rank_ratiomax6	0.00276891890839391	0.00302482271030983	0.00196232339089482
mprestamos_personales_rank_ratiomax6	0.0024706027584094	0.004082853409932	0.00313971742543171
mprestamos_personales_rank	0.0021516890509298	0.00422949043850532	0.00313971742543171
ctrx_quarter	0.00211910960969533	0.00175424926642834	0.00313971742543171
mcuentas_saldo_rank_min6	0.00211259054117743	0.00449061970784648	0.00353218210361068
cdescubierto_preacordado_tend6	0.00191646998869604	0.00108990636436228	0.00117739403453689
vm_msaldopesos_rank	0.00187698239704707	0.000622058342098837	0.00117739403453689
Visa_Finiciomora	0.00173669507904939	0.00407464936148541	0.00235478806907378
ctrx_quarter_delta1	0.00172984262957252	0.00100867465077522	0.00235478806907378
vm_mpagominimo_rank	0.00157913187811193	0.00186680718516366	0.00235478806907378
cprestamos_personales_delta3	0.00153577306673534	0.000423257694366155	0.000784929356357928
rf_018_040	0.00147482103425162	0.00245858077231	0.00156985871271586
mpasivos_margen_rank	0.0014230141595072	0.00106388132292921	0.00196232339089482
rf_031_043	0.00137561406226464	0.00206474860144277	0.000784929356357928
ctrx_quarter_normalizado_delta1	0.00131926025886734	0.000591662854218395	0.00196232339089482
cdescubierto_preacordado_ratioavg6	0.00128227736275114	0.000744126677494002	0.00117739403453689
ccallcenter_transacciones_ratioavg6	0.00125116176095492	0.00162056939210758	0.00196232339089482
mcuentas_saldo_rank_tend6	0.00122924043875121	0.000709486894603091	0.000784929356357928
ctarjeta_visa_ratioavg6	0.000976454459201185	0.00082308486185154	0.000392464678178964
ccaja_ahorro	0.000964671636108789	0.00348029667829572	0.00235478806907378
mprestamos_personales_rank_delta2	0.000951756083566761	0.0071145541769183	0.00392464678178964
cpayroll_trx_ratiomax6	0.000936879724339802	0.000830517984850387	0.000392464678178964
Visa_mpagominimo_rank	0.000909593263733909	0.00216727888262694	0.00392464678178964
vm_mpagospesos_rank	0.000890590883273092	0.00124132593407686	0.00196232339089482
mactivos_margen_rank	0.000873353358174789	0.00519065645814291	0.00510204081632653
mcuentas_saldo_rank_ratiomax6	0.000872518591215135	0.00129026988822993	0.00235478806907378
Visa_mpagospesos_rank	0.000870480463179079	0.000828869606074856	0.00156985871271586
ccaja_ahorro_ratioavg6	0.000866707387924129	0.00496873225202592	0.00196232339089482
Master_status	0.000846516118547629	0.00163072738614353	0.000784929356357928
mcuentas_saldo_rank_ratioavg6	0.00079932851386919	0.00108642178133849	0.00313971742543171
ccaja_seguridad	0.000796767304138177	0.00304697910767788	0.00156985871271586
Visa_fechaalta	0.000792870971424858	0.000222369941194045	0.00117739403453689
vm_status01_avg6	0.000790618045635775	6.33434398342217e-05	0.000392464678178964
chomebanking_transacciones	0.000766196564136927	0.00104173053229169	0.00235478806907378
mcomisiones_rank_min6	0.000747255920764	0.0027990424752715	0.00313971742543171
mcomisiones_rank_lag3	0.000735622676030097	0.000373664761154352	0.000784929356357928
mrentabilidad_annual_rank_lag3	0.000728943436234678	0.000562282184563704	0.00235478806907378
mprestamos_personales_rank_delta1	0.000711170684141344	0.00844105335614411	0.0043171114599686
mcomisiones_otras_rank_max6	0.000696058678946222	0.00172504661046795	0.00196232339089482
ccaja_seguridad_lag3	0.000679224528828228	0.000319896215381062	0.000392464678178964
vmr_mpagominimo_tend6	0.000651597155762942	0.000665740379650423	0.00156985871271586
cpayroll_trx_ratioavg6	0.00063449362361928	0.00145822230459195	0.00156985871271586
mrentabilidad_annual_rank_lag1	0.000631867508163674	0.00189756851221112	0.00196232339089482
ctrx_quarter_normalizado_ratioavg6	0.000629930795892604	0.000932581505718012	0.00235478806907378
ctrx_quarter_normalizado_avg6	0.000603955669540772	0.000924056471948639	0.000784929356357928
cprestamos_personales_ratioavg6	0.000583314923687116	0.00356139383035008	0.00235478806907378
mactivos_margen_rank_lag1	0.000560953480354784	0.00094750662238626	0.00196232339089482
Visa_Finiciomora_lag1	0.000558836190010209	0.00148537429886135	0.00117739403453689
mcuentas_saldo_rank_delta3	0.000549552665046387	0.0035564795310414	0.00392464678178964
mcomisiones_otras_rank_lag3	0.000535906041405	0.000520342438524011	0.00117739403453689
cdescubierto_preacordado_delta2	0.000528990121100925	0.00207093562858154	0.00117739403453689
cproductos_delta3	0.000518237636464817	0.000158331266774225	0.000392464678178964
Master_msaldototal_rank	0.000517020452239316	0.00498014054696984	0.00274725274725275
vmr_mpagominimo_max6	0.000514972154453497	0.000889419492422994	0.00117739403453689
ctarjeta_visa_transacciones_delta2	0.000494062713226188	0.000776205586215782	0.000784929356357928
ccomisiones_mantenimiento_delta1	0.000492271003154341	0.000594080756759034	0.000392464678178964
ccaja_seguridad_ratiomax6	0.000485022129623023	0.0011153903562993	0.000784929356357928
cdescubierto_preacordado	0.000480182642728071	8.16255864067196e-05	0.000392464678178964
mplazo_fijo_dolares_rank_ratiomax6	0.000475792485170559	0.0046430625058826	0.00196232339089482
mpayroll_rank_ratioavg6	0.000469907118899567	0.00335602209443739	0.00196232339089482
mprestamos_personales_rank_max6	0.000469391009802221	0.000196709337245359	0.000392464678178964
cplazo_fijo_ratioavg6	0.000466075548192978	0.00137615518815607	0.00117739403453689
mtarjeta_visa_consumo_rank_ratioavg6	0.000463590155337997	0.00113023978210541	0.00235478806907378
mactivos_margen_rank_lag2	0.000458477979765901	0.00338559339293007	0.00353218210361068
vm_Finiciomora_ratioavg6	0.000455049823961249	0.00287011058809208	0.00156985871271586
mcomisiones_otras_rank_avg6	0.000452256067321081	0.000699523734453025	0.00156985871271586
mcaja_ahorro_rank_ratioavg6	0.000449183488900978	0.000994995629967049	0.00235478806907378
ccajas_consultas_ratioavg6	0.000448062234068058	0.00242657194771983	0.00156985871271586
cliente_edad_lag3	0.000435215930723828	0.00201546403841006	0.00392464678178964
mcuenta_corriente_rank_avg6	0.000428416360295735	0.000482442341830477	0.00235478806907378
vm_status01	0.000426219828940002	0.00349406821015762	0.00156985871271586
ccuenta_debitos_automaticos_ratioavg6	0.000424091203134106	0.00103307514203751	0.00117739403453689
cpayroll_trx_max6	0.000420236033041853	0.000803218813904595	0.000392464678178964
mpayroll_rank	0.000417619197653998	0.00209391481365473	0.00117739403453689
mpayroll_rank_delta2	0.000416261337593208	0.00249834931195233	0.00156985871271586
ctarjeta_visa_transacciones_delta3	0.000412616887544762	0.000725376368922331	0.000392464678178964
mcomisiones_mantenimiento_rank_tend6	0.000410706480205165	0.000885692418303828	0.00117739403453689
cmobile_app_trx_ratioavg6	0.000402034012799821	0.00322749340379016	0.0054945054945055
cmobile_app_trx_ratiomax6	0.000396973186707823	0.00247349888056509	0.00196232339089482
mpayroll_rank_delta3	0.000385910408360934	0.00156262102872491	0.00156985871271586
mcaja_ahorro_rank_ratiomax6	0.000384554053915855	0.00125558384981215	0.00313971742543171
mactivos_margen_rank_ratiomax6	0.000382060886608835	0.00256770176523103	0.00313971742543171
mpasivos_margen_rank_lag3	0.00037839579137525	0.0013018239581676	0.00117739403453689
mttarjeta_visa_debitos_automaticos_rank_tend6	0.000372717051470195	0.00377790333645867	0.00235478806907378
rf_029_033	0.000369131274809789	0.000647678297251189	0.000392464678178964
ctransferencias_recibidas_avg6	0.000366957970998265	0.00185330477636715	0.0043171114599686
mactivos_margen_rank_delta3	0.000365318338378869	0.00382494100223187	0.00392464678178964
vm_Finiciomora_max6	0.000358102612346187	0.000465425914674905	0.000392464678178964
ctarjeta_visa_debitos_automaticos_tend6	0.000354524343233217	0.00120625443293521	0.00117739403453689
vm_status06_avg6	0.000350424154714995	4.88486397340759e-05	0.000392464678178964
Master_Finiciomora	0.000349328969846248	0.00149245700120214	0.000784929356357928
mcuentas_saldo_rank_delta1	0.000342515853439221	0.00354737420066227	0.00274725274725275
vm_mpagominimo_rank_lag3	0.000339736286086518	0.0011053388901434	0.000784929356357928
Visa_Fvencimiento	0.000338450900891126	0.000552522268395315	0.00156985871271586
vm_status05_ratioavg6	0.000334300620994421	0.00175005122694474	0.000784929356357928
Visa_mfinanciacion_limite_rank	0.000332366209349783	0.00328073631857636	0.00274725274725275
Visa_delinquency	0.000324955670331412	0.000110700689247579	0.000392464678178964
mtransferencias_recibidas_rank	0.000321133918064252	0.0016633879931577	0.00274725274725275
cproductos_ratioavg6	0.000316280837284413	0.00204597866931425	0.00156985871271586
rf_022_046	0.000301342889249898	0.00103237430072138	0.000392464678178964
rf_009_045	0.000301043883094483	0.00102180140862629	0.000784929356357928
ccomisiones_otras_avg6	0.000300073349519255	0.000505313597340977	0.00117739403453689
mcuenta_debitos_automaticos_rank_min6	0.00029820792130843	0.00259930830690574	0.00117739403453689
mcaja_ahorro_dolares_rank_delta1	0.000287619872720407	0.00353395449114106	0.00156985871271586
ccaja_seguridad_min6	0.000284389163588322	0.000520591938032553	0.000392464678178964
ctrx_quarter_normalizado_ratiomax6	0.000278874757075735	0.000881853209574083	0.00156985871271586
mcomisiones_otras_rank_delta2	0.000277680942971687	2.78402204418426e-05	0.000392464678178964
ctarjeta_visa_transacciones	0.000276029157067891	0.000782422048689832	0.00117739403453689
Master_fechaalta_tend6	0.000275599871809924	0.000194587189740125	0.000392464678178964
cdescubierto_preacordado_delta1	0.000274888897258463	0.0020575229274735	0.000784929356357928
ccaja_ahorro_max6	0.000273973003846158	0.000537964392576717	0.000784929356357928
ccomisiones_mantenimiento_delta3	0.000268678018011203	0.000364323948093007	0.000392464678178964
rf_038_038	0.000268303320447732	0.0007582500316966	0.000784929356357928
mcomisiones_rank_max6	0.000266325536805033	0.00137556648145052	0.00196232339089482
mpasivos_margen_rank_max6	0.000265783455836659	8.08140121626441e-05	0.000784929356357928
mrentabilidad_rank_delta2	0.000265211317303712	0.000720945650121774	0.00235478806907378
Master_fechaalta_ratioavg6	0.000264364381091006	0.000171666875337496	0.00156985871271586
ccaja_ahorro_avg6	0.000255088969342758	0.000492105541897241	0.000392464678178964
vmr_mpagominimo_delta3	0.000254816915989819	0.000987925542769956	0.00117739403453689
mcaja_ahorro_dolares_rank_ratiomax6	0.00025428674535422	0.00167474442584422	0.00196232339089482
Visa_mpagominimo_rank_lag2	0.0002541810921935	0.000337313523769459	0.00235478806907378
Master_Finiciomora_lag1	0.000251586615198965	0.00033493346665989	0.000392464678178964
chomebanking_transacciones_ratiomax6	0.000251245217976937	0.000851995967824426	0.00196232339089482
mcuenta_corriente_rank_lag1	0.000249451455933374	0.00254182249879171	0.00235478806907378
vm_fechaalta_tend6	0.000248352314260912	0.000398962329301284	0.00117739403453689
vm_Finiciomora	0.000247135107223051	0.00262121940981315	0.00117739403453689
ccallcenter_transacciones_delta3	0.000246689805407641	0.000349387617963701	0.000392464678178964
mpagomiscuentas_rank_tend6	0.000236198472097977	0.00459752464052591	0.00313971742543171
ccuenta_debitos_automaticos_tend6	0.00023586524626304	0.00610608136844212	0.00313971742543171
Visa_cconsumos_lag2	0.000233996876398487	0.00148386188330115	0.00117739403453689
mtarjeta_visa_consumo_rank_min6	0.000233413297467366	0.000352561027443125	0.00117739403453689
Master_mlimitecompra_rank_delta3	0.000232348208944203	0.00022245404215198	0.00196232339089482
mcuenta_corriente_rank_min6	0.000230957291493595	0.000494967777832305	0.00196232339089482
numero_de_cliente	0.000228969915253824	0.000319245834639696	0.00274725274725275
mrentabilidad_annual_rank_tend6	0.000228696730407865	0.00369190730360458	0.00313971742543171
mcaja_ahorro_rank_min6	0.000227683622126534	0.00102225134875124	0.00156985871271586
ccheques_depositados_max6	0.000223196296465331	0.00173426828050555	0.000784929356357928
mactivos_margen_rank_delta2	0.00022215482557772	0.000477627561988682	0.00156985871271586
mautoservicio_rank	0.000220572952711376	0.000700364744032378	0.00117739403453689
mv_status07_rank	0.000218172695581189	0.000643776012802992	0.000392464678178964
vm_msaldototal_rank_lag1	0.000215149309732615	0.000187493273938284	0.000784929356357928
mcuenta_corriente_rank_max6	0.000213561407559716	0.000490321199906381	0.00156985871271586
chomebanking_transacciones_max6	0.00021326663081571	0.0011389610514433	0.00235478806907378
ctrx_quarter_ratiomax6	0.000209988693256229	0.000820807127574127	0.00274725274725275
mcuentas_saldo_rank_delta2	0.000209749245608394	0.00160446125529771	0.00117739403453689
mcuenta_debitos_automaticos_rank	0.000209109208369317	0.00109396143221739	0.00117739403453689
mpayroll_sobre_edad_rank_delta3	0.000208986631859873	0.00218362530548429	0.00117739403453689
ccomisiones_mantenimiento_avg6	0.000206638992576958	0.00302156519987247	0.00196232339089482
cliente_edad_lag1	0.000206232512834553	0.00122138840031567	0.00156985871271586
mprestamos_personales_rank_lag2	0.000203891435526782	0.000262675325284529	0.000784929356357928
rf_012_030	0.000202876787411199	0.00114098508116427	0.000784929356357928
mcuenta_corriente_rank_lag2	0.000202365548752557	0.000593262174101797	0.00196232339089482
ctarjeta_debito_transacciones_ratiomax6	0.000202125106485858	0.000385356195989988	0.00196232339089482
Master_Fvencimiento_ratioavg6	0.00020128585575699	0.000333505152057623	0.00235478806907378
Visa_msaldototal_rank	0.000200555011640606	8.88989175854891e-05	0.000784929356357928
mcomisiones_otras_rank_delta1	0.000199718903314227	0.00048202744377133	0.00235478806907378
mtransferencias_emitidas_rank_max6	0.000197954790494006	0.00295309300328682	0.00196232339089482
mrentabilidad_rank_delta3	0.000196500324654182	0.00159638055492276	0.00196232339089482
cliente_edad_min6	0.000195608186892202	0.000254509122269013	0.00235478806907378
Visa_msaldopesos_rank	0.000195598175688337	0.00204750510170077	0.00196232339089482
mcaja_ahorro_dolares_rank_ratioavg6	0.000192093608745694	0.00177440826604543	0.00196232339089482
Visa_Fvencimiento_lag1	0.00019114483245812	0.00230270945855538	0.00274725274725275
mprestamos_personales_rank_delta3	0.000191116067213699	0.00211850313038974	0.00156985871271586
ctransferencias_recibidas_max6	0.000191091587270967	0.000420741674041258	0.00156985871271586
Visa_mfinanciacion_limite_rank_lag2	0.000190069917511202	0.0020179338032081	0.00274725274725275
mtransferencias_emitidas_rank_delta1	0.000188590687714773	0.00304443925874823	0.00196232339089482
mautoservicio_rank_ratiomax6	0.000186526505683195	0.00151041255572132	0.00196232339089482
Master_fechaalta	0.000186061026336012	0.000323044394573106	0.00156985871271586
mrentabilidad_annual_rank_ratioavg6	0.000184632716006708	0.00279711095660426	0.00274725274725275
vm_Fvencimiento_tend6	0.000184442359415403	5.74745946529713e-05	0.000784929356357928
mprestamos_prendarios_rank_max6	0.000183077686443517	0.0049406018832792	0.00196232339089482
mrentabilidad_annual_rank_delta1	0.000182829026024391	0.000341225619996082	0.00117739403453689
ctrx_quarter_tend6	0.000181531315311287	0.00220695491121554	0.00235478806907378
mcuenta_corriente_rank_tend6	0.00018074541128457	0.00210433632402554	0.00156985871271586
Visa_delinquency_ratioavg6	0.000180664358972086	0.000293754834289512	0.000392464678178964
thomebanking_max6	0.000180023452582121	0.00164171097124988	0.00117739403453689
vm_fechaalta_lag3	0.000176051501460296	0.000761981310863662	0.00196232339089482
chomebanking_transacciones_ratioavg6	0.000176000107496098	0.000639144853386022	0.00156985871271586
vmr_mpagominimo	0.000175762198541896	0.00311333756685408	0.00156985871271586
chomebanking_transacciones_delta1	0.000175460779979488	0.00143146278145957	0.00117739403453689
mcuenta_corriente_rank_delta2	0.00017502484720003	0.00301860624783578	0.00156985871271586
vm_cconsumos_ratiomax6	0.000174943575888897	0.000382695802353969	0.00117739403453689
chomebanking_transacciones_avg6	0.000174459061909139	0.000217876146675037	0.00196232339089482
vm_Fvencimiento_ratioavg6	0.00017381778824019	0.000648271209004632	0.00196232339089482
Master_mpagominimo_rank_delta2	0.000173287814931498	0.00343944463797866	0.00235478806907378
mcuenta_debitos_automaticos_rank_tend6	0.000172958102199889	0.00270664075278801	0.00117739403453689
cdescubierto_preacordado_min6	0.000172488354660286	3.87018591591842e-05	0.000392464678178964
cliente_antiguedad_lag2	0.000172448512874822	0.000497207666678648	0.00156985871271586
Master_Fvencimiento_max6	0.000172397616220056	0.00133083178024211	0.00235478806907378
mcuenta_corriente_rank_lag3	0.00017230633256444	0.00141185464311696	0.00156985871271586
cliente_edad	0.000172253829919581	0.00325306009500249	0.00196232339089482
cmobile_app_trx_lag2	0.000171819245350556	0.00226577371951284	0.00156985871271586
Master_Fvencimiento_lag1	0.000170102973469578	0.000569408339066087	0.00196232339089482
ccajas_consultas_ratiomax6	0.000169396271673008	0.00115331568328022	0.000784929356357928
chomebanking_transacciones_lag3	0.000168106641097557	0.000300770255863947	0.00156985871271586
cprestamos_personales_max6	0.000166792740453079	0.00238979039376684	0.00156985871271586
Visa_cconsumos_max6	0.000166339280937994	0.00147205971553756	0.00156985871271586
vm_fechaalta_ratioavg6	0.000164717141976305	0.000357688382511913	0.00156985871271586
Master_msaldopesos_rank_lag1	0.000164481307806178	0.000127875506540595	0.000392464678178964
cmobile_app_trx_lag3	0.000163215055336506	7.40088429830476e-05	0.000784929356357928
vm_fultimo_cierre_tend6	0.000162915929416205	0.00179860551332604	0.00196232339089482
Visa_mconsumosdolares_rank_lag3	0.000162554582785996	0.000309089242286378	0.00117739403453689
mpasivos_margen_rank_tend6	0.000160994099928322	0.00162052453826335	0.00196232339089482
vmr_mpagospesos_lag1	0.000159614309205948	0.000815228430697753	0.00156985871271586
ctrx_quarter_normalizado_lag1	0.000158226672172604	0.00041628572495332	0.000784929356357928
ctrx_quarter_normalizado_tend6	0.000157402030478612	0.00173190083853967	0.00196232339089482
rf_012_035	0.000157032128073059	0.0013727280741202	0.000784929356357928
mtarjeta_visa_consumo_rank_ratiomax6	0.000156656830544539	0.000422119528068764	0.00117739403453689
rf_004_029	0.000156369423333194	0.00111809280041429	0.000784929356357928
mrentabilidad_rank_ratiomax6	0.000154879846991219	0.00229761854723503	0.00196232339089482
vm_cconsumos_lag2	0.00015430439952556	0.000420953328118728	0.000784929356357928
vm_cconsumos_delta1	0.000153241453082932	0.000423976757556502	0.000784929356357928
mcuentas_saldo_rank_lag2	0.000151187092912638	0.00114401551901521	0.00196232339089482
mtarjeta_master_consumo_rank_tend6	0.000151139581611987	0.00229397136902591	0.00156985871271586
chomebanking_transacciones_lag2	0.000151010609657622	0.00083929812485883	0.00117739403453689
vm_mconsumospesos_rank	0.000149920425258027	0.00211340801402149	0.00156985871271586
Visa_fechaalta_ratioavg6	0.000149645899045344	0.000487414110127084	0.000784929356357928
mcaja_ahorro_rank_max6	0.000148105403236243	0.00512696960606378	0.00274725274725275
Master_mfinanciacion_limite_rank_lag3	0.000147070292434396	0.000803319735054117	0.00156985871271586
ctarjeta_visa_debitos_automaticos_avg6	0.000146892825966696	0.00167317594297873	0.00156985871271586
cdescubierto_preacordado_avg6	0.000146844860700096	0.000473196843188125	0.000784929356357928
vm_Finiciomora_avg6	0.00014683907320455	0.00143118945334628	0.000784929356357928
mpagomiscuentas_rank	0.000145870387430423	0.00120886016094857	0.00156985871271586
Master_cconsumos_avg6	0.000145643342862323	0.00203540297385389	0.00156985871271586
mrentabilidad_rank_min6	0.000144235216908501	0.00209105678276756	0.00196232339089482
mactivos_margen_rank_min6	0.000143949265125677	0.000889233068632904	0.00156985871271586
ccajas_transacciones_avg6	0.000143927910476165	0.00221554442238599	0.00196232339089482
vm_mfinanciacion_limite_rank_delta3	0.000143622081144092	0.00199286470933022	0.00196232339089482
mautoservicio_rank_tend6	0.000143542351948446	0.000269305284135093	0.00156985871271586
mcomisiones_mantenimiento_rank_lag1	0.000142950448787428	0.00454834800705589	0.00196232339089482
mcuenta_corriente_rank_delta1	0.000142026047505733	0.00166975583735603	0.00156985871271586
thomebanking_ratioavg6	0.000141668943974348	0.000824288907232647	0.000784929356357928
mrentabilidad_annual_rank_lag2	0.000141013871109277	0.000994276566776702	0.00117739403453689
ccallcenter_transacciones_tend6	0.000140599740101573	0.0017965394331261	0.00117739403453689
Master_Fvencimiento_lag2	0.000139866651249037	0.000499461572351313	0.00156985871271586
vmr_mpagominimo_lag2	0.000139522759495523	0.000415189609134897	0.00117739403453689
cproductos	0.000139096332626173	0.00107924796962661	0.000784929356357928
mcaja_ahorro_rank_delta3	0.000138113995936259	0.00362576890860164	0.00196232339089482
mcaja_ahorro_dolares_rank	0.00013719778543216	0.000672961848571799	0.000784929356357928
vm_fechaalta_avg6	0.000136593321786128	0.000407400458747458	0.000784929356357928
Visa_msaldototal_rank_delta1	0.000136490360483802	0.00177881095119334	0.00156985871271586
rf_014_029	0.000135550144534043	0.000706335912045783	0.000784929356357928
vm_cconsumos_ratioavg6	0.000134073664767524	0.00116597147576684	0.00156985871271586
mpagomiscuentas_rank_max6	0.000133423664230537	0.00376172091046929	0.00196232339089482
cliente_edad_avg6	0.000132504096887771	0.000491341624862662	0.00156985871271586
mcomisiones_rank_tend6	0.000132397759356273	0.000187264799669226	0.000392464678178964
ctrx_quarter_delta3	0.000132380946647491	0.000306427446967727	0.00117739403453689
mactivos_margen_rank_delta1	0.000131923305626953	0.00023748568670028	0.00156985871271586
vm_mfinanciacion_limite_rank	0.00013147995426826	0.000367797317655734	0.000392464678178964
vm_status06_ratiomax6	0.000131276194275267	0.000306997931799054	0.000392464678178964
vm_msaldototal_rank	0.000130955612190454	0.00026419895430579	0.000784929356357928
vm_fultimo_cierre_avg6	0.000130811885202114	0.000260791463826778	0.00156985871271586
Visa_msaldopesos_rank_delta1	0.000130497423673293	0.000233705348641089	0.00117739403453689
mcuenta_debitos_automaticos_rank_ratiomax6	0.000130304832611398	0.00252565549131129	0.00196232339089482
rf_036_033	0.00012973693945851	0.00110188654582016	0.000784929356357928
mpayroll_rank_delta1	0.000128900939490838	0.00177146333083506	0.00117739403453689
mactivos_margen_rank_ratioavg6	0.000128651713325202	0.00215620138478423	0.00156985871271586
rf_002_009	0.000128137314014184	0.00193090893530193	0.000784929356357928
vm_Finiciomora_tend6	0.000128049525212007	0.000929283346484317	0.00117739403453689
Visa_mlimitecompra_rank_delta3	0.000128040997952113	0.000388348788409852	0.00156985871271586
cpayroll_trx_tend6	0.000127577337890581	0.00270085881192996	0.00196232339089482
Visa_mpagospesos_rank_delta3	0.000127325458647562	0.000564649626529582	0.00117739403453689
mactivos_margen_rank_lag3	0.000126323888857549	0.000584100776417381	0.00117739403453689
Master_mfinanciacion_limite_rank	0.000125706641165382	0.000156426380076991	0.00156985871271586
mpagomiscuentas_rank_ratiomax6	0.00012504766510564	0.000417289329718014	0.00117739403453689
vm_cconsumos_avg6	0.000124856171318225	0.000814572443225858	0.000784929356357928
Visa_msaldopesos_rank_delta3	0.000123585892467142	0.000169216734096315	0.000784929356357928
mtransferencias_recibidas_rank_max6	0.000123221709120058	0.000257547970215741	0.00117739403453689
mcuenta_corriente_rank_ratioavg6	0.000121692357148461	0.000417055248718428	0.00117739403453689
mrentabilidad_rank_max6	0.000121359827090481	0.00258825744103304	0.00196232339089482
cmobile_app_trx_delta1	0.000121123207034578	0.000428481765536568	0.000392464678178964
Master_fechaalta_max6	0.000120989542577911	0.000176163473221769	0.00156985871271586
ctarjeta_visa_debitos_automaticos_ratioavg6	0.000120944750510485	0.000117413347373446	0.000392464678178964
vmr_mpagospesos_min6	0.000119970144929128	0.00117282009710804	0.00117739403453689
mcaja_ahorro_rank_delta1	0.000119593964562305	0.00287001527367309	0.00156985871271586
ccallcenter_transacciones_ratiomax6	0.000119425009385848	0.000380910058680476	0.00117739403453689
Master_Fvencimiento_lag3	0.000119034895229983	0.00133989085509437	0.00156985871271586
mplazo_fijo_dolares_rank	0.000118789360104077	0.00295709620888454	0.00117739403453689
Master_fechaalta_lag3	0.000116896603827465	0.000137779796020107	0.00117739403453689
mcomisiones_rank_delta2	0.000116147056998334	0.0031625618575336	0.00196232339089482
cmobile_app_trx_lag1	0.000115158742329674	0.00210371678030208	0.00156985871271586
Visa_fechaalta_lag2	0.000114923469343585	0.000106916146140491	0.00117739403453689
vmr_msaldodolares2_ratiomax6	0.000114445719228351	0.000517087731451916	0.000784929356357928
vm_Fvencimiento_lag3	0.000113634057766783	0.000936165608208687	0.00117739403453689
Visa_Finiciomora_max6	0.000112729070943444	0.00175045210817757	0.00117739403453689
ccomisiones_otras_lag3	0.000112464036953453	0.000105322432987617	0.00117739403453689
mautoservicio_rank_avg6	0.000112316128459658	0.00141011235160507	0.00117739403453689
ctarjeta_visa_debitos_automaticos_max6	0.00011229665354855	0.000582135617366959	0.000784929356357928
mcomisiones_mantenimiento_rank_ratioavg6	0.000111651279358022	0.00132559789729327	0.00156985871271586
mcomisiones_mantenimiento_rank_min6	0.000111225655483718	0.00219251197337278	0.00156985871271586
mextraccion_autoservicio_rank_delta2	0.000111190833557911	0.00231785183603163	0.00117739403453689
chomebanking_transacciones_min6	0.00011114890672281	0.000420761297598109	0.00117739403453689
vm_Fvencimiento_min6	0.00011106467664868	0.000299276062177963	0.00117739403453689
vmr_mpagospesos_delta1	0.000110646936725739	0.00220654141483902	0.00156985871271586
ctransferencias_recibidas_tend6	0.000109982906587801	0.00129180893576014	0.00156985871271586
mcomisiones_rank_avg6	0.000109927047104276	0.000104648223641503	0.00117739403453689
mtransferencias_recibidas_rank_ratiomax6	0.000109455066234701	0.000205734771714446	0.00156985871271586
mcaja_ahorro_rank_lag2	0.00010908692152143	0.00149768247405518	0.00156985871271586
mforex_sell_rank_avg6	0.00010828920183323	0.000187126033088633	0.000784929356357928
Master_mlimitecompra_rank_lag2	0.000108189327043112	0.000147995259043979	0.00156985871271586
cmobile_app_trx_delta3	0.00010814729983363	0.000119029487448436	0.000784929356357928
matm_rank_lag3	0.000107921001229678	0.000161796226241159	0.00117739403453689
Visa_Fvencimiento_avg6	0.000107706502318558	0.000167681891613996	0.00156985871271586
mpasivos_margen_rank_delta3	0.000107332454907327	0.00104853710315391	0.00156985871271586
vmr_mconsumospesos_ratiomax6	0.000107169771989051	0.000610942998825058	0.000784929356357928
thomebanking_ratiomax6	0.000106642457460832	0.000580449393160357	0.000784929356357928
mcomisiones_mantenimiento_rank_avg6	0.000105235060361889	0.00109902571156773	0.00117739403453689
cpagomiscuentas_tend6	0.000105177938214278	0.00251456537832489	0.00156985871271586
ccallcenter_transacciones_max6	0.000105026120822723	0.00199040055126272	0.00156985871271586
Visa_fechaalta_max6	0.000104669478100995	0.00011449364245046	0.000784929356357928
vmr_mconsumosdolares_avg6	0.000104501964665644	0.000270756025659477	0.000784929356357928
vmr_msaldototal_lag2	0.000104137954692491	0.000381794520421429	0.00117739403453689
mpayroll_sobre_edad_rank_delta1	0.000104136040735548	0.000187266201351859	0.00117739403453689
mcomisiones_rank_lag1	0.000102609750182565	0.000209534733330489	0.00117739403453689
mpayroll_rank_min6	0.000102139138054546	0.000120794205882445	0.000784929356357928
mcomisiones_mantenimiento_rank_max6	0.000102056577845114	0.000243775036671207	0.000784929356357928
ccomisiones_otras_ratiomax6	0.000102048109897353	0.000273513135397122	0.000784929356357928
cliente_antiguedad_lag3	0.000101954465162553	0.000168832673055077	0.000784929356357928
vm_Finiciomora_delta1	0.000101912060408525	0.00198426959142923	0.000784929356357928
mcomisiones_rank_delta3	0.000101863770065805	0.000172762991155919	0.00117739403453689
rf_021_032	0.000101836479640411	0.00103237430072138	0.000392464678178964
mtransferencias_recibidas_rank_delta2	0.000101613440922599	0.000412796936881638	0.00117739403453689
cseguro_vida_avg6	0.000101434680994128	0.00101059916102931	0.000784929356357928
Visa_Fvencimiento_max6	0.000101131967830332	0.000392517392558177	0.00117739403453689
Visa_mconsumosdolares_rank_lag1	0.000100511893686852	0.000108390716269623	0.00117739403453689
rf_030_042	9.97470774050436e-05	0.000452304763554369	0.000784929356357928
mtarjeta_master_consumo_rank_ratioavg6	9.9654365695737e-05	0.001138348516133	0.00117739403453689
Visa_cconsumos_delta1	9.93171226043323e-05	0.00265194849816007	0.00156985871271586
Visa_fultimo_cierre	9.92904560969644e-05	0.000166828266890953	0.000784929356357928
ccajas_consultas_delta2	9.9239294818831e-05	0.00196886089425286	0.000784929356357928
cproductos_tend6	9.91533663645531e-05	0.00209723960485843	0.00117739403453689
ctrx_quarter_normalizado_lag3	9.87509666126033e-05	0.000945440542186317	0.00117739403453689
mactivos_margen_rank_max6	9.85358255335699e-05	0.000422667585977976	0.00117739403453689
mpasivos_margen_rank_avg6	9.7502269394007e-05	0.000174813652846908	0.00117739403453689
ccajas_extracciones_avg6	9.74419569379527e-05	0.00107946803379988	0.00117739403453689
catm_trx_other_tend6	9.71674227409436e-05	0.00304580449763205	0.00156985871271586
ctrx_quarter_min6	9.67620026326265e-05	0.0013006591599002	0.000784929356357928
vm_msaldototal_rank_lag2	9.67592263685034e-05	0.000606890734335209	0.00117739403453689
cliente_edad_ratioavg6	9.66960201646758e-05	0.000536819217866165	0.00117739403453689
Master_msaldototal_rank_lag2	9.64676159799632e-05	0.00279053566337635	0.00117739403453689
mpasivos_margen_rank_delta2	9.57830855153676e-05	0.000258987498279067	0.00117739403453689
vm_mfinanciacion_limite_rank_delta2	9.54077651744885e-05	0.00202545242884751	0.00156985871271586
mcaja_ahorro_rank_lag1	9.5051032343942e-05	0.000166831070256218	0.000784929356357928
ctransferencias_recibidas_ratioavg6	9.50206371564515e-05	8.42579463900939e-05	0.00117739403453689
cliente_edad_max6	9.46219318660854e-05	0.00134242229392823	0.00156985871271586
thomebanking_delta3	9.42306291863022e-05	0.0012142454256217	0.000784929356357928
vmr_msaldopesos_delta3	9.4074398743846e-05	0.000275877773997736	0.000784929356357928
matm_rank_lag1	9.40203380148495e-05	0.000238916804667812	0.00117739403453689
Visa_mconsumototal_rank_lag2	9.33863893944618e-05	0.000221247193405609	0.000784929356357928
vmr_mconsumosdolares_lag3	9.32585603392959e-05	8.72505388099576e-05	0.000784929356357928
mtransferencias_recibidas_rank_lag1	9.31854877900843e-05	0.000721282053953515	0.000784929356357928
Visa_Fvencimiento_min6	9.29320493223095e-05	0.000554438368553607	0.00117739403453689
vm_Finiciomora_ratiomax6	9.28751917980666e-05	0.000423986569334927	0.000392464678178964
ccajas_depositos_ratioavg6	9.23511394372231e-05	0.00258478827651821	0.00117739403453689
mcaja_ahorro_rank_avg6	9.21769602304938e-05	0.000504552483671662	0.000784929356357928
Master_mpagominimo_rank_lag3	9.20239349245149e-05	0.000172628429623223	0.000392464678178964
rf_008_030	9.19689822322709e-05	0.00188868324600526	0.000784929356357928
mtransferencias_recibidas_rank_avg6	9.19593383073898e-05	0.0017626257218387	0.00117739403453689
ccomisiones_otras_min6	9.19225248626189e-05	0.000301241221228384	0.000784929356357928
mprestamos_prendarios_rank	9.1896733209229e-05	0.00103237430072138	0.000392464678178964
Master_fultimo_cierre_max6	9.14532928823356e-05	0.00102731422641895	0.00117739403453689
vm_cconsumos_lag1	9.08364409846024e-05	0.00122951956126537	0.00117739403453689
Visa_mfinanciacion_limite_rank_lag1	9.07904022217429e-05	0.000817559428915192	0.00117739403453689
Master_cconsumos_lag3	9.06682306316759e-05	0.000238660296746109	0.000784929356357928
Visa_Fvencimiento_lag3	9.06609147080582e-05	0.000129149636053315	0.00117739403453689
vmr_Visa_mlimitecompra_ratiomax6	9.01473081265241e-05	0.00095584943741344	0.000392464678178964
Visa_fechaalta_min6	8.98819433573233e-05	0.000979533668850648	0.000784929356357928
rf_034_014	8.98750426186444e-05	0.00308256502634556	0.00117739403453689
mcomisiones_otras_rank_ratioavg6	8.96432872983551e-05	0.000526938756991402	0.000784929356357928
vmr_msaldototal_max6	8.92000226266281e-05	0.00105571511991369	0.00117739403453689
Visa_mpagominimo_rank_lag3	8.89582070559011e-05	0.000566267168287204	0.000784929356357928
mextraccion_autoservicio_rank_ratioavg6	8.87903377477456e-05	6.79605824248686e-05	0.000784929356357928
chomebanking_transacciones_delta3	8.85713573486472e-05	9.29007215005763e-05	0.000392464678178964
tcallcenter_ratioavg6	8.85660306627578e-05	0.000191429198769655	0.000784929356357928
ccajeros_propios_descuentos_max6	8.77983194925583e-05	0.0040022804871821	0.00156985871271586
vm_cconsumos_tend6	8.72982269526555e-05	0.00104008215351615	0.00117739403453689
mcaja_ahorro_dolares_rank_lag3	8.72832141390203e-05	0.000324542793306986	0.00117739403453689
ccomisiones_mantenimiento_min6	8.7084055398891e-05	0.000387827362470653	0.000392464678178964
mtransferencias_emitidas_rank_delta2	8.69690776863196e-05	0.00302272999813987	0.00117739403453689
vm_fultimo_cierre_lag1	8.64964158678201e-05	8.88190216754506e-05	0.000784929356357928
Master_mfinanciacion_limite_rank_delta3	8.63486374044732e-05	0.00214743385991947	0.00156985871271586
Master_mpagospesos_rank_delta3	8.58742954557136e-05	0.00163369474827601	0.000784929356357928
Visa_mconsumototal_rank_lag3	8.56717673301202e-05	0.000131081154720562	0.00117739403453689
mpayroll_rank_max6	8.51838269340002e-05	0.00118673039555054	0.000784929356357928
Visa_status_delta2	8.48854983056551e-05	0.00128036139370252	0.000784929356357928
vmr_Master_mlimitecompra_delta2	8.48491833109342e-05	0.00206474860144277	0.000784929356357928
vmr_Master_mlimitecompra_ratioavg6	8.47747169265713e-05	0.00144699622839022	0.000784929356357928
Visa_Finiciomora_ratiomax6	8.45433334477381e-05	0.000344909241953647	0.000392464678178964
mactivos_margen_rank_avg6	8.44681302241707e-05	0.00245513683808255	0.00117739403453689
vmr_msaldototal_min6	8.42746118398708e-05	0.00222675367839613	0.00117739403453689
rf_007_042	8.4193054233629e-05	0.000900195628499768	0.000392464678178964
vmr_Visa_mlimitecompra	8.40145817408851e-05	0.000178944411564163	0.000784929356357928
ctrx_quarter_avg6	8.36425440985049e-05	0.000546454384280284	0.000784929356357928
Master_msaldopesos_rank	8.31612945673585e-05	0.000986893904352617	0.00117739403453689
catm_trx_ratiomax6	8.31329456484945e-05	0.000368080457547449	0.000784929356357928
mprestamos_personales_rank_lag3	8.27777720427041e-05	0.00150284767455504	0.00117739403453689
vm_status04_ratioavg6	8.2629935407841e-05	0.00196930382596465	0.00117739403453689
mcomisiones_mantenimiento_rank	8.24854282368134e-05	0.00199514805033816	0.000784929356357928
mplazo_fijo_dolares_rank_avg6	8.21423873843004e-05	0.000658624036926466	0.000392464678178964
mcomisiones_mantenimiento_rank_delta1	8.11939806569463e-05	0.00124651916822936	0.000784929356357928
Master_mfinanciacion_limite_rank_delta2	8.10295058278501e-05	0.00191713740344003	0.00117739403453689
mrentabilidad_annual_rank_ratiomax6	8.05850925538339e-05	0.000139871106507431	0.000784929356357928
vm_fechaalta_min6	7.98265086085781e-05	0.000781096056919719	0.000784929356357928
ccomisiones_otras_delta3	7.94038457785073e-05	0.00013298884478306	0.000784929356357928
tcuentas_avg6	7.91813294637221e-05	0.00378326897757494	0.00156985871271586
Visa_mlimitecompra_rank_lag2	7.91050825747182e-05	0.00116678445169355	0.00117739403453689
vmr_mpagosdolares_avg6	7.87106739922205e-05	0.000203222956437446	0.000784929356357928
cprestamos_personales_lag2	7.8604719708358e-05	4.44347411251059e-05	0.000392464678178964
Visa_mconsumospesos_rank	7.84229234548686e-05	0.000150665464458424	0.00117739403453689
ccheques_emitidos_ratioavg6	7.82835536271484e-05	0.00308042605864874	0.00117739403453689
cinversion1_ratiomax6	7.80371105693436e-05	0.00206474860144277	0.000784929356357928
ctarjeta_debito_transacciones_delta2	7.79459295693439e-05	0.00216377747941156	0.00117739403453689
Visa_cconsumos_lag1	7.79323026065344e-05	0.00140051362893939	0.000784929356357928
vm_msaldototal_rank_lag3	7.72204497792418e-05	0.00102481642796827	0.000784929356357928
ccallcenter_transacciones_avg6	7.71421623247013e-05	0.000228884962068765	0.000784929356357928
ccomisiones_otras_lag2	7.67985967879251e-05	0.000236191933630709	0.00117739403453689
vm_mconsumototal_rank_lag1	7.65945653278559e-05	0.000568990637641675	0.000784929356357928
cinversion1	7.65084281404907e-05	0.00200574617272064	0.000784929356357928
ctarjeta_debito_transacciones_max6	7.54565662232321e-05	0.000373364801071049	0.000784929356357928
vmr_msaldototal_lag1	7.5389846916077e-05	0.000334297102744847	0.000784929356357928
mpasivos_margen_rank_min6	7.53080623268604e-05	0.000920313979320519	0.00117739403453689
vmr_mpagominimo_ratioavg6	7.46212369389223e-05	0.000993898112465994	0.00117739403453689
vmr_mpagospesos_ratioavg6	7.45946263218346e-05	0.000144133623392117	0.000784929356357928
ctarjeta_debito_min6	7.41958275007954e-05	0.000504061894750373	0.000784929356357928
Visa_mlimitecompra_rank_lag3	7.40994110643435e-05	0.00012147542364172	0.000784929356357928
mcuentas_saldo_rank_avg6	7.37338293196365e-05	0.00194860377685151	0.00117739403453689
ctarjeta_debito_ratioavg6	7.36667541396768e-05	0.00300261304900175	0.00117739403453689
cproductos_max6	7.35823871913909e-05	0.000142387126832328	0.000392464678178964
mcomisiones_otras_rank_lag1	7.33033007880896e-05	0.00105276738133806	0.00117739403453689
cpagomiscuentas_ratiomax6	7.32272398198137e-05	8.29936286558001e-05	0.000392464678178964
mrentabilidad_annual_rank_min6	7.31897499885904e-05	0.00112267209757386	0.000784929356357928
mrentabilidad_rank_avg6	7.31597517361512e-05	0.00107416406671943	0.00117739403453689
Master_fultimo_cierre_avg6	7.31084741149856e-05	0.000910464355463665	0.00117739403453689
Visa_mconsumosdolares_rank	7.29373084209157e-05	0.000315511752107369	0.000784929356357928
vm_Fvencimiento	7.26195094439343e-05	8.51143744784015e-05	0.000392464678178964
Visa_mfinanciacion_limite_rank_delta3	7.23916162560693e-05	0.000125544508323156	0.000784929356357928
mrentabilidad_annual_rank_delta3	7.21767398004035e-05	9.55513033581699e-05	0.000784929356357928
Visa_mlimitecompra_rank_delta2	7.21721864534933e-05	0.0021002279922304	0.00117739403453689
ccomisiones_otras_lag1	7.15913518491925e-05	0.000940784152481967	0.000784929356357928
vm_mlimitecompra_rank_delta3	7.12641359303046e-05	0.00114414587550001	0.00117739403453689
mforex_buy_rank_avg6	7.10872739901252e-05	0.000464597520239243	0.000784929356357928
ctrx_quarter_max6	7.10791448058996e-05	0.000154095381859551	0.000784929356357928
cextraccion_autoservicio_delta2	7.09699431826951e-05	0.000343201992507561	0.000784929356357928
vm_Fvencimiento_avg6	7.08782306547245e-05	0.000226265217229081	0.000784929356357928
cliente_antiguedad_ratioavg6	7.08704037342592e-05	0.000115103374395491	0.000784929356357928
vm_msaldopesos_rank_lag3	7.0776057519411e-05	0.000910177010524053	0.000784929356357928
vm_fechaalta	7.07290446688107e-05	0.000158812043917089	0.000784929356357928
mcomisiones_rank_delta1	7.05940479703624e-05	0.000444358624712117	0.000784929356357928
ctarjeta_master_delta1	7.05280404088166e-05	0.00204220253630295	0.000784929356357928
mrentabilidad_rank_tend6	7.03137821680869e-05	0.000135755766299131	0.000784929356357928
mrentabilidad_rank_lag1	7.00396574529266e-05	0.000317318521020346	0.000784929356357928
rf_035_050	6.9776067485277e-05	0.000836088271630967	0.000392464678178964
ctransferencias_recibidas_lag1	6.94387434099969e-05	0.000175564954737797	0.000784929356357928
ccajeros_propios_descuentos_ratioavg6	6.9122584641647e-05	0.000429039635224205	0.000392464678178964
mrentabilidad_rank_lag2	6.90624022160405e-05	0.00116846366748699	0.00117739403453689
mprestamos_hipotecarios_rank_max6	6.90293197326281e-05	0.00412949720288554	0.00156985871271586
mextraccion_autoservicio_rank_avg6	6.90265765464259e-05	5.69573737616693e-05	0.000392464678178964
ctransferencias_recibidas_ratiomax6	6.89628525020429e-05	0.000307969297863207	0.000784929356357928
thomebanking	6.87080703863072e-05	0.000116963407248493	0.000392464678178964
mcuentas_saldo_rank_lag1	6.82236111562116e-05	0.00110595703218423	0.00117739403453689
mplazo_fijo_dolares_rank_delta3	6.82209238602896e-05	0.000830993155262721	0.000784929356357928
ccajas_consultas_avg6	6.81225683732998e-05	0.000649319667613559	0.000784929356357928
rf_033_025	6.8120533510853e-05	0.000175521502576197	0.000392464678178964
ccajas_extracciones_tend6	6.80333024708608e-05	0.00282898662134436	0.00117739403453689
cextraccion_autoservicio_tend6	6.79611891813565e-05	0.000962382680162379	0.00117739403453689
mautoservicio_rank_ratioavg6	6.77115022060636e-05	0.000282514741261462	0.00117739403453689
vmr_mconsumospesos_min6	6.75166264863871e-05	0.000451702040022499	0.000784929356357928
tcallcenter_avg6	6.72398715062031e-05	3.63484340196286e-05	0.000392464678178964
Visa_cconsumos_delta2	6.71858221833862e-05	0.00150589493259756	0.000784929356357928
Visa_mconsumototal_rank_delta3	6.70247110366643e-05	0.00145375934709085	0.00117739403453689
mrentabilidad_rank_lag3	6.67178426016268e-05	0.000826575051605855	0.000784929356357928
cextraccion_autoservicio_avg6	6.66142516781847e-05	0.000345217612132743	0.000784929356357928
mcomisiones_otras_rank_tend6	6.63774685139125e-05	0.000111611782958544	0.000784929356357928
vmr_msaldopesos_tend6	6.63486108794367e-05	0.000406939305161446	0.000784929356357928
Visa_mfinanciacion_limite_rank_lag3	6.63078315060068e-05	0.000115087955886536	0.000784929356357928
ctarjeta_visa_transacciones_min6	6.62419402874932e-05	0.000914909091090545	0.000784929356357928
mcomisiones_mantenimiento_rank_ratiomax6	6.62163562265726e-05	0.000257801674772179	0.000784929356357928
Visa_Finiciomora_ratioavg6	6.61428354145014e-05	0.00396414070275845	0.00156985871271586
Master_mlimitecompra_rank_lag1	6.60340603824152e-05	0.000127833456061628	0.000784929356357928
Master_mfinanciacion_limite_rank_delta1	6.59707834602739e-05	6.40344693719232e-05	0.000784929356357928
rf_026_043	6.57050970368074e-05	5.64079141698255e-05	0.000392464678178964
cliente_antiguedad_avg6	6.54787482456649e-05	0.0010611648619879	0.000784929356357928
ctransferencias_recibidas_delta2	6.53992300643418e-05	0.00198677439829307	0.00117739403453689
mpasivos_margen_rank_ratioavg6	6.49783888011586e-05	0.000164201513638108	0.000784929356357928
Visa_fechaalta_lag3	6.48834962303059e-05	0.000283144096763344	0.000392464678178964
mcuenta_corriente_rank_ratiomax6	6.48703814049619e-05	7.68023964691312e-05	0.000784929356357928
mpasivos_margen_rank_delta1	6.48424111712618e-05	0.00283295898992417	0.00117739403453689
Visa_Fvencimiento_ratioavg6	6.48334299454174e-05	0.00016421553046443	0.00117739403453689
Master_Fvencimiento_tend6	6.43667757617316e-05	6.48712739033793e-05	0.000784929356357928
mtarjeta_master_consumo_rank_avg6	6.39990656239047e-05	0.000169138239868909	0.000392464678178964
Visa_mpagominimo_rank_lag1	6.36248379950346e-05	0.000108479022275455	0.000784929356357928
vmr_mpagominimo_delta2	6.30696695761477e-05	0.000940526242877632	0.000784929356357928
Master_mlimitecompra_rank_delta2	6.25599593455769e-05	0.000109299006615324	0.000784929356357928
vmr_Visa_mlimitecompra_ratioavg6	6.25310834612137e-05	0.000960441349716706	0.000784929356357928
ccajas_extracciones_ratioavg6	6.25128700735731e-05	0.00081783135534585	0.000784929356357928
mautoservicio_rank_max6	6.24701003217969e-05	0.00196931223606044	0.00117739403453689
mforex_buy_rank_tend6	6.2448584845152e-05	0.00285778138765877	0.00117739403453689
ctarjeta_debito_transacciones_tend6	6.23854197035711e-05	0.000170824464075511	0.000784929356357928
vmr_mpagominimo_delta1	6.18721119639435e-05	0.0010351692558901	0.000784929356357928
Visa_fultimo_cierre_max6	6.17784170419524e-05	0.000266186540278327	0.000784929356357928
mtransferencias_emitidas_rank_ratiomax6	6.16735007204367e-05	0.000248229584076512	0.000784929356357928
vmr_mconsumospesos_lag1	6.16656555500839e-05	0.000159367110239461	0.000784929356357928
ctarjeta_master_descuentos_max6	6.14612203112557e-05	0.00203418350996382	0.000784929356357928
Visa_cconsumos_avg6	6.12927784128826e-05	0.000276103444901529	0.000784929356357928
mcomisiones_mantenimiento_rank_delta3	6.10294827246675e-05	0.000114063325882358	0.000784929356357928
thomebanking_delta2	6.07793474865149e-05	0.00037689003289117	0.000392464678178964
mcomisiones_otras_rank_min6	6.06992783867154e-05	0.00092518202310234	0.000784929356357928
vm_mpagospesos_rank_delta2	6.04351044226685e-05	0.00101316844529423	0.000392464678178964
vmr_msaldopesos_delta2	6.03730707741073e-05	0.000411860612883292	0.000784929356357928
Visa_mfinanciacion_limite_rank_delta1	6.02342735366047e-05	0.000485161606137051	0.000784929356357928
Master_mfinanciacion_limite_rank_lag1	6.0103818778887e-05	2.75206368016886e-05	0.000392464678178964
rf_034_044	6.00026322781118e-05	0.000341672756755771	0.000392464678178964
mtransferencias_recibidas_rank_tend6	5.99833603970011e-05	7.35813297802099e-05	0.000784929356357928
ccajas_consultas_tend6	5.982697026803e-05	0.00104403630022174	0.000784929356357928
mrentabilidad_annual_rank_max6	5.98182491030813e-05	0.00103576497100881	0.00117739403453689
mprestamos_personales_rank_lag1	5.97186663111628e-05	0.00176802219997288	0.000784929356357928
ccajas_depositos_max6	5.96276256071726e-05	0.00116057499763266	0.000784929356357928
Master_mpagominimo_rank	5.95671568864574e-05	0.00185892412203986	0.000784929356357928
mcheques_depositados_rank_avg6	5.95306171899977e-05	0.00072739619359541	0.000392464678178964
vm_mconsumosdolares_rank_lag1	5.93441603715096e-05	0.000429025618397883	0.000784929356357928
Visa_fultimo_cierre_tend6	5.93107539525955e-05	0.000260634475371966	0.000784929356357928
rf_006_044	5.93107516713596e-05	0.000343995344877417	0.000392464678178964
mtransferencias_emitidas_rank_avg6	5.91415341527713e-05	0.000200736371447826	0.000784929356357928
vmr_mpagospesos_ratiomax6	5.90520070488187e-05	0.000482359642555174	0.000784929356357928
rf_015_039	5.87907496449044e-05	0.00156955515270667	0.000784929356357928
rf_014_023	5.8534362679694e-05	0.00206474860144277	0.000784929356357928
ctransferencias_emitidas_lag3	5.8466548379294e-05	0.000125020279018692	0.000784929356357928
Visa_mconsumosdolares_rank_lag2	5.82634818820219e-05	0.00108202330123848	0.000784929356357928
vmr_mconsumospesos_max6	5.82405440547766e-05	0.000860693408557566	0.000784929356357928
tcallcenter_max6	5.82241123123948e-05	0.00030054879000805	0.000392464678178964
cextraccion_autoservicio_max6	5.81721788359002e-05	0.00193725575426078	0.00117739403453689
mcomisiones_rank_lag2	5.79000444990862e-05	8.92521416088173e-05	0.000784929356357928
mextraccion_autoservicio_rank_lag3	5.74784766622603e-05	5.98196096967334e-05	0.000392464678178964
mcaja_ahorro_rank_delta2	5.7430465770942e-05	0.00144553287172214	0.000784929356357928
mcaja_ahorro_dolares_rank_avg6	5.72218421829519e-05	5.19295381597717e-05	0.000392464678178964
matm_other_rank_delta3	5.71621878634625e-05	0.000310945070091483	0.000784929356357928
rf_040_050	5.70022549750969e-05	0.000216503899378059	0.000392464678178964
Visa_fultimo_cierre_ratiomax6	5.69768785066457e-05	0.000102397121334102	0.000784929356357928
vmr_mpagospesos_avg6	5.66963366748229e-05	0.000957961773140248	0.000784929356357928
vm_fechaalta_lag1	5.66377180364444e-05	0.000108216907623223	0.000392464678178964
chomebanking_transacciones_tend6	5.63909111215092e-05	0.000240371751240092	0.000784929356357928
ccuenta_debitos_automaticos_avg6	5.61932944968665e-05	0.000170008684783539	0.000784929356357928
Visa_msaldopesos_rank_delta2	5.5875497801121e-05	0.000413279115707134	0.000392464678178964
vm_mfinanciacion_limite_rank_lag3	5.5694192013356e-05	0.000100933764666028	0.000784929356357928
mcomisiones_mantenimiento_rank_delta2	5.53971773769048e-05	0.000162712926682653	0.000392464678178964
Visa_mpagominimo_rank_delta1	5.51501651507362e-05	0.000204275620094269	0.000392464678178964
Master_msaldodolares_rank_lag3	5.47843552824365e-05	0.000279976294014448	0.000392464678178964
rf_006_047	5.47714982367523e-05	0.000963480197663435	0.000392464678178964
mcuenta_corriente_rank_delta3	5.45987482243312e-05	0.00106723274610293	0.00117739403453689
vmr_msaldopesos2_lag2	5.45120646809615e-05	0.000212081590673296	0.000784929356357928
mprestamos_personales_rank_tend6	5.41073506151639e-05	0.00119463027886592	0.000784929356357928
Visa_cconsumos	5.40216331752092e-05	0.000120027485482601	0.000392464678178964
mcaja_ahorro_dolares_rank_tend6	5.35611542971776e-05	0.0021727790852759	0.00117739403453689
mcajeros_propios_descuentos_rank_avg6	5.34362452239982e-05	0.000107957596336256	0.000392464678178964
mtransferencias_emitidas_rank_lag3	5.33913208448891e-05	0.00205059020517437	0.00117739403453689
rf_008_032	5.3288133700206e-05	0.00178741307750749	0.000784929356357928
vm_Finiciomora_lag1	5.29812162185961e-05	0.000151544319468848	0.000392464678178964
vm_msaldopesos_rank_delta3	5.29726205216234e-05	6.17258980765997e-05	0.000784929356357928
ccheques_emitidos_rechazados_avg6	5.2700685792953e-05	0.00309517596498795	0.00117739403453689
mcaja_ahorro_dolares_rank_max6	5.24920142990084e-05	0.000795850168306832	0.000784929356357928
mpagodeservicios_rank_ratiomax6	5.24638227854233e-05	0.000203727562185058	0.000392464678178964
ctrx_quarter_normalizado_delta3	5.19968902909544e-05	3.23788688050833e-05	0.000392464678178964
cproductos_lag3	5.1499717733038e-05	0.000211546147907774	0.000784929356357928
vmr_mconsumototal_tend6	5.14895046397931e-05	9.1925150388527e-05	0.000784929356357928
vm_status01_tend6	5.11879480626114e-05	0.00106558857237529	0.000784929356357928
Master_mpagospesos_rank	5.05686518205825e-05	0.000267125667641937	0.000784929356357928
chomebanking_transacciones_lag1	4.97715081444536e-05	0.000111536092096402	0.000784929356357928
ctarjeta_master_descuentos_tend6	4.95305685683225e-05	0.00193877798159941	0.000784929356357928
Master_Fvencimiento_avg6	4.92358488552139e-05	7.87423252321717e-05	0.000784929356357928
ctarjeta_master_transacciones_delta1	4.91299652896652e-05	0.000443656381713357	0.000392464678178964
ctrx_quarter_lag3	4.90612795571411e-05	0.00101975355030056	0.000784929356357928
vmr_msaldopesos_lag1	4.8861770647297e-05	0.00111252952204687	0.000784929356357928
Master_status_max6	4.87588492665994e-05	0.000727055584715772	0.000392464678178964
mcuenta_debitos_automaticos_rank_ratioavg6	4.865967025344e-05	0.00284796960923299	0.00117739403453689
cforex_buy_tend6	4.85534422212663e-05	0.000879236268099663	0.000392464678178964
vm_fultimo_cierre_lag3	4.81773416977001e-05	6.75681112878373e-05	0.000784929356357928
Master_fechaalta_avg6	4.81392610263718e-05	3.31441875222944e-05	0.000392464678178964
cpagodeservicios_ratioavg6	4.80074272615362e-05	0.00146853027866955	0.000784929356357928
Visa_mpagospesos_rank_lag1	4.79608102053693e-05	0.000891353814455505	0.000784929356357928
cpagomiscuentas_max6	4.7875456622545e-05	0.000793641116478398	0.000784929356357928
cprestamos_personales_lag1	4.75809787204446e-05	0.000243538152306355	0.000392464678178964
ccomisiones_otras	4.75418965865444e-05	4.69900085637062e-05	0.000392464678178964
vmr_mconsumosdolares_delta1	4.7221971497679e-05	0.000239548963534959	0.000392464678178964
mcuentas_saldo_rank_max6	4.70758058681325e-05	0.000941707861336623	0.000784929356357928
Master_fechaalta_lag2	4.70261490650929e-05	0.00102088610986743	0.000784929356357928
vmr_Visa_mlimitecompra_min6	4.68212473135176e-05	0.00086254222794951	0.000784929356357928
ctarjeta_visa_debitos_automaticos_lag2	4.68163449375106e-05	0.000436621336582071	0.000392464678178964
minversion2_rank_min6	4.67669048518841e-05	0.00309712290216415	0.00117739403453689
rf_005_032	4.65879327684723e-05	0.00206474860144277	0.000784929356357928
mtarjeta_master_consumo_rank_delta1	4.65547909729257e-05	0.00165795086622718	0.000784929356357928
vmr_msaldopesos2_ratioavg6	4.65486419014847e-05	0.000917775532073506	0.000784929356357928
mcaja_ahorro_rank_tend6	4.63923390297878e-05	0.00235615701900589	0.00117739403453689
vmr_mconsumosdolares	4.62091346834225e-05	0.000716397189980107	0.000392464678178964
rf_006_032	4.61603755467202e-05	0.000457917100813917	0.000392464678178964
vm_fultimo_cierre_ratioavg6	4.61597117070655e-05	9.8039290030422e-05	0.000784929356357928
mcaja_ahorro_dolares_rank_min6	4.61455600599927e-05	0.00105969870195456	0.000784929356357928
cplazo_fijo_ratiomax6	4.59612373377143e-05	0.000978709479462882	0.000392464678178964
vmr_mpagospesos_delta3	4.57760146678626e-05	2.90554792840075e-05	0.000392464678178964
vm_mlimitecompra_rank_lag2	4.57326164355886e-05	6.54235368604876e-05	0.000392464678178964
Visa_msaldodolares_rank_lag1	4.55741344132725e-05	0.000321855767700954	0.000392464678178964
rf_031_029	4.50724495706927e-05	0.00102244758431976	0.000392464678178964
vmr_mpagospesos_delta2	4.47985621040688e-05	0.00107789814925175	0.000784929356357928
mttarjeta_visa_debitos_automaticos_rank_max6	4.46529610804142e-05	0.00174869860320461	0.000784929356357928
catm_trx_other_lag2	4.4647532879526e-05	6.05498863481381e-05	0.000392464678178964
vmr_mpagominimo_avg6	4.46404656106244e-05	6.71181711628835e-05	0.000392464678178964
catm_trx_other_avg6	4.45452240106748e-05	0.000925240893772894	0.000392464678178964
cdescubierto_preacordado_lag3	4.44236660730721e-05	3.22527173681804e-05	0.000392464678178964
ctarjeta_master_debitos_automaticos_ratiomax6	4.43694182827296e-05	9.23526635913647e-05	0.000392464678178964
cmobile_app_trx_avg6	4.41885208361954e-05	0.000205318471972667	0.000784929356357928
ccajas_consultas	4.41294413881596e-05	0.000776777472729742	0.000392464678178964
mactivos_margen_rank_tend6	4.39892548779776e-05	7.39766042825057e-05	0.000784929356357928
Master_mpagominimo_rank_lag1	4.39689336283404e-05	6.30631033077707e-05	0.000392464678178964
Master_msaldopesos_rank_lag3	4.38445241458291e-05	0.000143539309956041	0.000392464678178964
rf_009_027	4.38222695487438e-05	0.00196296401541896	0.000784929356357928
mcheques_depositados_rank_max6	4.3535550130031e-05	0.00185242171630883	0.000784929356357928
vmr_msaldodolares_min6	4.35192062152324e-05	7.99211403258979e-05	0.000392464678178964
mforex_sell_rank_ratiomax6	4.34046562343973e-05	5.23009840573192e-05	0.000392464678178964
vm_mconsumototal_rank_lag3	4.33634753634442e-05	4.10791129034882e-05	0.000392464678178964
Visa_mconsumototal_rank_lag1	4.33360822824336e-05	2.79229197171457e-05	0.000392464678178964
Master_mpagado_rank_lag3	4.330110181073e-05	0.00195389793215354	0.000784929356357928
mttarjeta_visa_debitos_automaticos_rank_ratiomax6	4.32455810907402e-05	0.000105804611813113	0.000784929356357928
cpayroll_trx_avg6	4.31531043487341e-05	2.98250030491153e-05	0.000392464678178964
ctrx_quarter_lag1	4.31193511819591e-05	0.000778685162792241	0.000392464678178964
ctransferencias_recibidas_lag3	4.2918844231397e-05	0.000311481914539637	0.000392464678178964
tcallcenter_tend6	4.27797709643473e-05	0.000839235049140379	0.000392464678178964
mpayroll_sobre_edad_rank_lag1	4.27283519065542e-05	0.000848397848507428	0.000392464678178964
ctarjeta_master_descuentos_delta1	4.27215948857386e-05	6.64145264814917e-05	0.000392464678178964
vm_status04_delta1	4.27198383340749e-05	0.000913534040428303	0.000392464678178964
ctransferencias_emitidas_delta2	4.26376499660992e-05	0.00181484120325545	0.000784929356357928
mtarjeta_visa_consumo_rank_delta1	4.25663111561921e-05	6.55286630579067e-05	0.000392464678178964
vm_mlimitecompra_rank_lag3	4.23748287749569e-05	5.06175632159813e-05	0.000392464678178964
rf_015_035	4.22798198610719e-05	6.81834499633971e-05	0.000392464678178964
thomebanking_tend6	4.22292448605718e-05	0.00141430478435814	0.000784929356357928
mplazo_fijo_dolares_rank_max6	4.19708310172403e-05	0.000174838883134289	0.000392464678178964
mcaja_ahorro_dolares_rank_delta3	4.16906245270989e-05	0.00100790512701011	0.000784929356357928
vmr_msaldopesos_lag3	4.15956635191683e-05	2.66431834738971e-05	0.000392464678178964
vmr_mpagominimo_lag3	4.15484921226711e-05	5.60098363022651e-05	0.000392464678178964
vmr_mpagosdolares_delta3	4.14937789601995e-05	0.000259263629757621	0.000392464678178964
vm_fultimo_cierre_min6	4.14503259782632e-05	8.49896247241308e-05	0.000392464678178964
cliente_antiguedad_min6	4.12890425982289e-05	6.7935352137488e-05	0.000392464678178964
vmr_mconsumototal_max6	4.12541898757371e-05	0.000495044870377079	0.000392464678178964
Visa_mconsumosdolares_rank_delta1	4.12137481252244e-05	0.00105260338447008	0.000784929356357928
matm_rank_delta3	4.09822311940895e-05	0.00104787831231675	0.000784929356357928
Visa_cconsumos_min6	4.07687291830696e-05	0.000101404730030465	0.000392464678178964
vm_mconsumototal_rank_lag2	4.07622322231497e-05	8.26614298719558e-05	0.000392464678178964
ccomisiones_mantenimiento_lag2	4.07111006010834e-05	2.77575211665396e-05	0.000392464678178964
mplazo_fijo_dolares_rank_min6	4.06512865950791e-05	0.000847251272114244	0.000392464678178964
rf_014_035	4.05109997105163e-05	0.000329213199837659	0.000392464678178964
cliente_antiguedad_lag1	4.04979453379244e-05	0.000955713474198111	0.000784929356357928
ccajas_consultas_max6	4.0415498049671e-05	8.39271492888818e-05	0.000392464678178964
rf_023_034	4.04103926436666e-05	0.000429360620546992	0.000392464678178964
vmr_mpagado_max6	4.03815988837968e-05	7.35827314628422e-05	0.000392464678178964
Master_Fvencimiento	4.03598130806945e-05	4.96616156607836e-05	0.000784929356357928
Visa_mlimitecompra_rank	4.02829308674849e-05	3.57218818830108e-05	0.000392464678178964
cextraccion_autoservicio_ratioavg6	4.0239591947345e-05	0.000877460336204597	0.000392464678178964
vm_mconsumosdolares_rank_lag3	4.0127222828056e-05	0.000736369765807104	0.000392464678178964
mcaja_ahorro_dolares_rank_lag2	3.99485564302584e-05	8.94525822252297e-05	0.000784929356357928
mttarjeta_visa_debitos_automaticos_rank_delta3	3.97234646001117e-05	0.00166745006942597	0.000784929356357928
vm_cconsumos_max6	3.96543693857387e-05	0.00106274736167971	0.000784929356357928
Visa_mconsumototal_rank	3.96098978319611e-05	4.87631370935084e-05	0.000392464678178964
ccaja_seguridad_ratioavg6	3.92087014319627e-05	0.000693061977518331	0.000392464678178964
mcuenta_debitos_automaticos_rank_max6	3.91291227978875e-05	8.57647552197676e-05	0.000392464678178964
vm_Fvencimiento_lag2	3.90481754222561e-05	0.000155553131797096	0.000392464678178964
minversion2_rank_ratiomax6	3.90366004311628e-05	0.000996446371491433	0.000392464678178964
Visa_delinquency_max6	3.90012002120486e-05	9.02641564693052e-05	0.000392464678178964
ctarjeta_debito_transacciones_lag2	3.88101295938983e-05	0.000108422954970165	0.000784929356357928
mtarjeta_visa_consumo_rank_tend6	3.87644672349668e-05	5.61107574517875e-05	0.000392464678178964
Master_msaldototal_rank_delta2	3.86075912027433e-05	6.5838434919635e-05	0.000392464678178964
mcaja_ahorro_adicional_rank_ratiomax6	3.85332753799515e-05	0.00199275397640227	0.000784929356357928
cseguro_vivienda_ratioavg6	3.84358004500294e-05	0.000265795470823928	0.000392464678178964
mtransferencias_recibidas_rank_delta3	3.84311284788511e-05	0.00169427406995943	0.000784929356357928
vm_msaldopesos_rank_delta1	3.84098502507426e-05	0.000932531045143251	0.000784929356357928
Master_fechaalta_lag1	3.8408525993287e-05	8.9068521183992e-05	0.000392464678178964
vm_Fvencimiento_lag1	3.83698864191566e-05	0.000102304610280373	0.000392464678178964
ctransferencias_recibidas_lag2	3.8246076901694e-05	0.0018072384766581	0.000784929356357928
vmr_Visa_mlimitecompra_avg6	3.81929081359449e-05	0.00012666024769843	0.000392464678178964
ctarjeta_master_transacciones_ratioavg6	3.80964939807289e-05	0.000121888920018236	0.000392464678178964
mcaja_ahorro_adicional_rank_lag3	3.79809391154679e-05	0.00192783925033729	0.000784929356357928
mpayroll_sobre_edad_rank_delta2	3.79316199353455e-05	0.000502937745279305	0.000392464678178964
Master_fechaalta_min6	3.77579745378231e-05	8.01510162775876e-05	0.000392464678178964
vmr_mpagospesos_lag3	3.76142783461674e-05	0.00107815465717346	0.000784929356357928
vmr_msaldopesos2_lag1	3.74645231918898e-05	3.68642532282983e-05	0.000392464678178964
vmr_mpagosdolares_tend6	3.74524394851849e-05	0.00306036097176801	0.00117739403453689
cforex_tend6	3.72583462294313e-05	0.00200455334080059	0.000784929356357928
mforex_sell_rank_max6	3.71654440369248e-05	3.39571634490021e-05	0.000392464678178964
vmr_mconsumospesos	3.7046201553788e-05	0.00200241857815167	0.000784929356357928
vm_status01_max6	3.70075072299953e-05	0.00102605972046308	0.000392464678178964
rf_023_033	3.70012794559148e-05	0.000106126998818532	0.000392464678178964
vm_cconsumos	3.69887052834855e-05	0.000326273871357821	0.000392464678178964
ctarjeta_visa_transacciones_lag3	3.69844986844362e-05	2.87681343443952e-05	0.000392464678178964
ctransferencias_emitidas_ratioavg6	3.68977090635959e-05	0.000210346307574564	0.000392464678178964
vmr_mconsumospesos_avg6	3.6618579316812e-05	4.88696649735597e-05	0.000392464678178964
chomebanking_transacciones_delta2	3.65256018435199e-05	0.000885204632747804	0.000784929356357928
vm_fultimo_cierre_max6	3.64670938450838e-05	0.000853921879761144	0.000392464678178964
rf_003_037	3.62849120627228e-05	0.000357060428692663	0.000392464678178964
vm_mconsumospesos_rank_lag3	3.62310703323753e-05	4.58069884220832e-05	0.000392464678178964
ctarjeta_debito_transacciones_delta1	3.62152408362783e-05	0.000753645504249643	0.000392464678178964
mtarjeta_master_consumo_rank_min6	3.61910620166887e-05	3.46131509208973e-05	0.000392464678178964
mforex_sell_rank_tend6	3.6077185000452e-05	5.89715917042193e-05	0.000392464678178964
rf_008_031	3.59178452334273e-05	6.75807264315276e-05	0.000392464678178964
ccomisiones_otras_max6	3.58627944480385e-05	0.000111813625257589	0.000392464678178964
Master_mpagominimo_rank_lag2	3.57008951343039e-05	5.01830415999824e-05	0.000392464678178964
mpasivos_margen_rank_lag2	3.56384257696807e-05	0.000119836856644615	0.000392464678178964
mrentabilidad_rank_ratioavg6	3.56067279964759e-05	5.46782378016232e-05	0.000392464678178964
vmr_msaldopesos2_tend6	3.54782351016553e-05	3.48710605252322e-05	0.000392464678178964
mtransferencias_emitidas_rank_delta3	3.54632633502668e-05	0.000232574190756859	0.000392464678178964
cmobile_app_trx_tend6	3.5455233399804e-05	6.18940999924703e-05	0.000392464678178964
ccheques_emitidos_avg6	3.5399282666842e-05	0.00203328503139655	0.000784929356357928
mcaja_ahorro_adicional_rank_max6	3.53517827723714e-05	0.00197355512938828	0.000784929356357928
ccuenta_debitos_automaticos_lag2	3.52765738457142e-05	4.45636959272733e-05	0.000392464678178964
vmr_msaldototal_tend6	3.51578127033579e-05	6.20819254651924e-05	0.000392464678178964
vm_mpagospesos_rank_delta3	3.50690498134408e-05	3.97881631991816e-05	0.000392464678178964
vmr_msaldopesos2_delta3	3.49892749930759e-05	8.50961526041822e-05	0.000392464678178964
ccomisiones_otras_tend6	3.49688910094508e-05	0.00106188112181298	0.000784929356357928
mrentabilidad_annual_rank	3.48946903890733e-05	7.19161308130913e-05	0.000392464678178964
ctransferencias_emitidas_max6	3.4731874018496e-05	0.00040194370826009	0.000392464678178964
vmr_msaldopesos2_avg6	3.46300350842458e-05	4.16972549443125e-05	0.000392464678178964
mcuenta_debitos_automaticos_rank_delta2	3.45298682959299e-05	9.64329617338581e-05	0.000392464678178964
Master_mpagado_rank_delta3	3.44832968644815e-05	0.000774253042309052	0.000392464678178964
rf_034_042	3.40608940953064e-05	0.000337068229308814	0.000392464678178964
catm_trx_other_delta1	3.39874223298076e-05	0.000136896735961786	0.000392464678178964
mcomisiones_otras_rank	3.38850906485971e-05	5.22953773267902e-05	0.000392464678178964
cproductos_delta1	3.38642492771686e-05	0.00191408594034961	0.000784929356357928
ccuenta_debitos_automaticos_ratiomax6	3.38150361745168e-05	4.80945344779229e-05	0.000392464678178964
mcomisiones_otras_rank_lag2	3.3814030149473e-05	9.79425739287964e-05	0.000392464678178964
mextraccion_autoservicio_rank	3.37683803373391e-05	7.67981914212344e-05	0.000392464678178964
cprestamos_personales_lag3	3.37574212799461e-05	0.000151057935595456	0.000392464678178964
ccajas_otras_ratioavg6	3.37552404184e-05	0.00027131109198185	0.000392464678178964
tcuentas_lag3	3.36025025481479e-05	0.000991138199363084	0.000392464678178964
Visa_fechaalta_lag1	3.34687947479983e-05	4.48790745195306e-05	0.000392464678178964
vmr_msaldopesos2_delta1	3.33634632415439e-05	2.72206767183861e-05	0.000392464678178964
vmr_Master_mlimitecompra_lag1	3.3356843094884e-05	0.000315936461944942	0.000392464678178964
vmr_msaldopesos_max6	3.33133581756447e-05	3.46369795256456e-05	0.000392464678178964
vmr_Master_mlimitecompra_max6	3.331194380937e-05	0.000121799212329771	0.000392464678178964
vmr_mpagado_ratioavg6	3.32661445762829e-05	0.00190406951625952	0.000784929356357928
Visa_mpagospesos_rank_lag2	3.32275107052423e-05	2.87751427575565e-05	0.000392464678178964
vm_mconsumosdolares_rank_delta1	3.32261305575065e-05	7.24950257402125e-05	0.000392464678178964
mpagomiscuentas_rank_avg6	3.31540948300237e-05	0.00098396158428594	0.000784929356357928
mcomisiones_otras_rank_ratiomax6	3.30970468225808e-05	0.000851582471447911	0.000392464678178964
ctarjeta_visa_descuentos_delta1	3.30682918437218e-05	0.000197567167016298	0.000392464678178964
Visa_Fvencimiento_lag2	3.29759086323887e-05	8.34183384933733e-05	0.000392464678178964
vmr_mconsumosdolares_lag2	3.29747360771222e-05	9.07617538037556e-05	0.000392464678178964
Visa_Finiciomora_lag2	3.28308836208056e-05	0.000924786748600044	0.000392464678178964
vmr_msaldodolares_lag1	3.28244117544809e-05	0.000666257600541725	0.000392464678178964
catm_trx_other_delta3	3.27883476957119e-05	7.78830937785995e-05	0.000392464678178964
Visa_mconsumospesos_rank_lag1	3.27520395446988e-05	6.25402756859397e-05	0.000392464678178964
mttarjeta_visa_debitos_automaticos_rank_min6	3.2678129781902e-05	4.85472779681412e-05	0.000392464678178964
rf_005_050	3.26387373999157e-05	0.00077737318784845	0.000392464678178964
vmr_msaldopesos_lag2	3.25988226149021e-05	0.000412845995773767	0.000392464678178964
mtarjeta_visa_descuentos_rank_ratioavg6	3.25787135202062e-05	0.00079068917285487	0.000392464678178964
mrentabilidad_annual_rank_delta2	3.25492308270864e-05	4.65989391093071e-05	0.000392464678178964
rf_017_038	3.23366561384709e-05	0.000444005400688789	0.000392464678178964
mttarjeta_master_debitos_automaticos_rank_lag1	3.22854674855063e-05	0.000100415142092094	0.000392464678178964
mextraccion_autoservicio_rank_max6	3.22681779984161e-05	3.90242461646028e-05	0.000392464678178964
rf_016_028	3.22477335620389e-05	0.000996585138072026	0.000392464678178964
mtransferencias_recibidas_rank_delta1	3.22070089382712e-05	0.000247649287466759	0.000392464678178964
vm_msaldodolares_rank_lag1	3.20437317580367e-05	0.000329719207267903	0.000392464678178964
vmr_mconsumototal_ratioavg6	3.19352818020702e-05	3.89934091466932e-05	0.000392464678178964
Visa_msaldototal_rank_delta2	3.19024388484301e-05	6.24898151111786e-05	0.000392464678178964
cprestamos_personales_avg6	3.17362165926139e-05	0.000813409046641086	0.000392464678178964
cproductos_lag1	3.17355094094766e-05	5.32373080556653e-05	0.000392464678178964
mtransferencias_emitidas_rank	3.16474377340454e-05	0.00097176414202006	0.000392464678178964
rf_021_029	3.15691890605156e-05	5.43278171435595e-05	0.000392464678178964
cpayroll_trx_delta2	3.15568795114538e-05	0.000106376498327073	0.000392464678178964
Master_mconsumospesos_rank_lag3	3.15549450233878e-05	0.000254701152789632	0.000392464678178964
vmr_Visa_mlimitecompra_delta1	3.15207857966178e-05	0.00100696740132914	0.000392464678178964
rf_020_030	3.15131596249141e-05	0.000816468919827298	0.000392464678178964
cmobile_app_trx	3.15057661392749e-05	0.000929106734472653	0.000392464678178964
ctrx_quarter_normalizado_lag2	3.14257038831831e-05	3.50070237405609e-05	0.000392464678178964
vm_mlimitecompra_rank_lag1	3.14242598608414e-05	4.6174229271734e-05	0.000392464678178964
rf_014_030	3.13898006515471e-05	0.00186210033488455	0.000784929356357928
Visa_status_tend6	3.13630908006965e-05	0.000114367491013557	0.000392464678178964
ctarjeta_master_transacciones_lag2	3.13467548702237e-05	0.000831736047057816	0.000392464678178964
ccheques_depositados_ratioavg6	3.12595363770292e-05	0.000902830791848407	0.000392464678178964
cpayroll_trx_lag3	3.12328367917404e-05	0.000164985054229538	0.000392464678178964
rf_012_040	3.11557310174099e-05	0.000911944532323326	0.000392464678178964
mtarjeta_master_consumo_rank_delta3	3.10772291266922e-05	0.000226618441252409	0.000392464678178964
ccajas_transacciones_ratioavg6	3.10497425150086e-05	8.8099958485104e-05	0.000392464678178964
vmr_msaldototal	3.08957271526374e-05	9.83000030000213e-05	0.000392464678178964
rf_029_037	3.082121286232e-05	0.000985761344785755	0.000392464678178964
mtransferencias_emitidas_rank_ratioavg6	3.07416045721777e-05	8.31730440327287e-05	0.000392464678178964
mcuentas_saldo_rank_lag3	3.07159110119326e-05	4.27583286969293e-05	0.000392464678178964
mtarjeta_visa_consumo_rank_max6	3.06486818485479e-05	0.00201540096269161	0.000784929356357928
vmr_msaldopesos	3.06382143974971e-05	7.34075211338103e-05	0.000392464678178964
Master_cconsumos_ratioavg6	3.05684473591436e-05	0.000185791631222727	0.000392464678178964
mautoservicio_rank_lag3	3.05384194506374e-05	3.94391442237502e-05	0.000392464678178964
ccheques_depositados_tend6	3.03701942696774e-05	0.00103237430072138	0.000392464678178964
cproductos_ratiomax6	3.03230114670005e-05	0.000717775044007613	0.000392464678178964
vmr_msaldodolares_ratioavg6	3.02182662381794e-05	8.00472917628008e-05	0.000392464678178964
rf_027_014	3.02151124295104e-05	0.00200565366166691	0.000784929356357928
vm_mlimitecompra_rank_delta2	3.01379986708542e-05	3.95288519122145e-05	0.000392464678178964
vm_fechaalta_delta1	3.00072291025785e-05	3.31287690133396e-05	0.000392464678178964
vmr_Master_mlimitecompra_lag3	2.99322608463116e-05	0.000122856081034491	0.000392464678178964
mplazo_fijo_dolares_rank_delta2	2.98599525111355e-05	0.00187083842441402	0.000784929356357928
rf_011_039	2.97345598159397e-05	0.000370010574532064	0.000392464678178964
mtarjeta_visa_consumo_rank_delta2	2.96513768290999e-05	3.27391012415728e-05	0.000392464678178964
mextraccion_autoservicio_rank_min6	2.96086013742339e-05	0.00196982104685595	0.000784929356357928
ctarjeta_debito_transacciones_lag1	2.95072757180672e-05	5.32485215167234e-05	0.000392464678178964
Visa_mconsumosdolares_rank_delta3	2.94616795149776e-05	0.00106342437439109	0.000784929356357928
rf_025_028	2.94471651513924e-05	0.00101161818430296	0.000392464678178964
mcuenta_debitos_automaticos_rank_delta1	2.94113200912725e-05	0.000252977083151959	0.000392464678178964
ctarjeta_visa_transacciones_tend6	2.94020172111625e-05	5.03989007253496e-05	0.000392464678178964
ccajeros_propios_descuentos_tend6	2.93277173570222e-05	0.000859220240111066	0.000392464678178964
rf_032_048	2.92608908317785e-05	0.000972624775156264	0.000392464678178964
vmr_msaldodolares2_max6	2.91467834107132e-05	4.06894451317214e-05	0.000392464678178964
vmr_msaldopesos2_min6	2.91230539946012e-05	0.00206474860144277	0.000784929356357928
Visa_fultimo_cierre_avg6	2.91128545887718e-05	9.52639584185577e-05	0.000392464678178964
ctarjeta_visa_transacciones_lag2	2.90495708229227e-05	5.96458010503338e-05	0.000392464678178964
rf_040_045	2.90224765838185e-05	0.000175382735995603	0.000392464678178964
vm_fultimo_cierre_delta1	2.8921270692538e-05	0.00107431264507845	0.000784929356357928
mtransferencias_recibidas_rank_lag3	2.8771088947142e-05	2.64273243485299e-05	0.000392464678178964
vmr_mpagominimo_lag1	2.86301952538226e-05	6.68588598759164e-05	0.000392464678178964
Visa_mpagospesos_rank_delta2	2.86034409188715e-05	7.44812100301174e-05	0.000392464678178964
rf_015_032	2.85905542171203e-05	0.000198248384775574	0.000392464678178964
ccaja_ahorro_delta1	2.85438265210109e-05	0.00206474860144277	0.000784929356357928
ctransferencias_recibidas	2.84949088384116e-05	0.00010746280236707	0.000392464678178964
vmr_mconsumosdolares_ratioavg6	2.84701437411888e-05	0.000244505313322611	0.000392464678178964
Visa_cconsumos_ratiomax6	2.84674678514465e-05	3.57429071224946e-05	0.000392464678178964
mttarjeta_visa_debitos_automaticos_rank	2.84247197714117e-05	3.12869580345569e-05	0.000392464678178964
rf_006_031	2.83632085258778e-05	0.000279986105792874	0.000392464678178964
vmr_mconsumototal_avg6	2.83199083867486e-05	6.14946204422777e-05	0.000392464678178964
vm_status06_lag2	2.81584333828964e-05	0.00102072071131682	0.000392464678178964
vm_msaldototal_rank_delta2	2.80710894217258e-05	3.42445083886143e-05	0.000392464678178964
mtarjeta_visa_consumo_rank_delta3	2.7886122250298e-05	0.000101448182192065	0.000392464678178964
Visa_mconsumototal_rank_delta1	2.77383118496482e-05	8.15821342451197e-05	0.000392464678178964
rf_006_033	2.76660286080673e-05	0.000259686937912562	0.000392464678178964
Master_cconsumos	2.76503473923055e-05	2.38159896046394e-05	0.000392464678178964
mrentabilidad_rank	2.75975527492484e-05	5.55711096383694e-05	0.000392464678178964
mpayroll_rank_lag3	2.75240193903796e-05	0.000297765048300393	0.000392464678178964
vmr_msaldototal_ratiomax6	2.73674330751188e-05	2.42112641069352e-05	0.000392464678178964
Visa_mfinanciacion_limite_rank_delta2	2.72977618486742e-05	0.000140485043500358	0.000392464678178964
vmr_mconsumosdolares_ratiomax6	2.72766490101705e-05	8.93390459320171e-05	0.000392464678178964
mcomisiones_mantenimiento_rank_lag2	2.72554814220044e-05	6.07545320124472e-05	0.000392464678178964
vmr_mconsumosdolares_min6	2.72403659527525e-05	0.00012876136996418	0.000392464678178964
vmr_mpagospesos	2.72158130104709e-05	0.000126878910189062	0.000392464678178964
ctransferencias_emitidas_delta1	2.716513763559e-05	5.57631401589883e-05	0.000392464678178964
rf_016_033	2.70972685855277e-05	0.00206474860144277	0.000784929356357928
Master_mconsumototal_rank	2.69254869577576e-05	0.000193615823675972	0.000392464678178964
mpasivos_margen_rank_lag1	2.69059892342901e-05	0.000143362697944377	0.000392464678178964
vmr_mpagospesos_max6	2.68906661725688e-05	0.000173182094262964	0.000392464678178964
ctarjeta_debito_transacciones_delta3	2.68481507785985e-05	6.12325057900461e-05	0.000392464678178964
mpagomiscuentas_rank_lag2	2.67626683059444e-05	4.16538027827126e-05	0.000392464678178964
ctarjeta_debito_transacciones_min6	2.66837786051191e-05	8.59077268482576e-05	0.000392464678178964
vmr_mpagospesos_tend6	2.65736405345666e-05	3.00885193839792e-05	0.000392464678178964
ctarjeta_visa_descuentos_ratiomax6	2.64845742402713e-05	0.000668046147580482	0.000392464678178964
vm_mconsumospesos_rank_lag1	2.64179302139018e-05	0.000130395731913389	0.000392464678178964
Visa_cconsumos_ratioavg6	2.62995066944627e-05	0.000102959196069636	0.000392464678178964
vm_Fvencimiento_delta3	2.61450829908606e-05	6.86235783099251e-05	0.000392464678178964
ccajeros_propios_descuentos_avg6	2.61104812043209e-05	0.000944504218187971	0.000392464678178964
ctrx_quarter_normalizado_delta2	2.60228429637158e-05	5.02489206836984e-05	0.000392464678178964
Visa_fechaalta_delta2	2.57961268935891e-05	3.29815923369528e-05	0.000392464678178964
Visa_msaldototal_rank_lag1	2.57729563802792e-05	3.92863608168344e-05	0.000392464678178964
Master_cconsumos_delta2	2.57589359042723e-05	3.16219601836658e-05	0.000392464678178964
vmr_msaldototal_lag3	2.57466217927387e-05	2.90877179845493e-05	0.000392464678178964
rf_011_031	2.56730770276902e-05	0.000385088474607227	0.000392464678178964
Visa_mpagospesos_rank_delta1	2.56320991867346e-05	3.47126703877874e-05	0.000392464678178964
matm_other_rank_delta1	2.56173167779281e-05	0.000616937995443211	0.000392464678178964
rf_004_034	2.54815558654443e-05	0.00206474860144277	0.000784929356357928
thomebanking_lag1	2.54771074553868e-05	2.64105041569429e-05	0.000392464678178964
Master_mlimitecompra_rank_delta1	2.54645697827323e-05	4.10735061729592e-05	0.000392464678178964
cinversion1_ratioavg6	2.53116174763031e-05	0.000934312583768847	0.000392464678178964
mforex_sell_rank_delta3	2.52850137029232e-05	0.000453056065445257	0.000392464678178964
mcaja_ahorro_dolares_rank_lag1	2.51956234731262e-05	0.000104784186856832	0.000392464678178964
cpagomiscuentas_lag3	2.51904268176847e-05	0.00016244380361726	0.000392464678178964
mpagomiscuentas_rank_ratioavg6	2.51729799253155e-05	0.000101518266323678	0.000392464678178964
Visa_mlimitecompra_rank_delta1	2.51712119674721e-05	2.51489897879136e-05	0.000392464678178964
cproductos_avg6	2.51707055330963e-05	2.49835912373076e-05	0.000392464678178964
ccajas_extracciones	2.50943434416781e-05	0.000866476751098249	0.000392464678178964
vmr_msaldototal_delta3	2.47252485936435e-05	4.28326178764388e-05	0.000392464678178964
Master_mconsumototal_rank_delta2	2.47151084999483e-05	4.87407101713923e-05	0.000392464678178964
mtransferencias_emitidas_rank_tend6	2.46595695300711e-05	0.000270701360036819	0.000392464678178964
vmr_Visa_mlimitecompra_lag2	2.46109153302215e-05	3.19219202669683e-05	0.000392464678178964
mttarjeta_visa_debitos_automaticos_rank_lag3	2.45639355575421e-05	0.000849161765542007	0.000392464678178964
vm_fultimo_cierre_ratiomax6	2.45545596778824e-05	9.11247896055096e-05	0.000392464678178964
mttarjeta_visa_debitos_automaticos_rank_ratioavg6	2.45268860048528e-05	0.000106913342775226	0.000392464678178964
cliente_antiguedad	2.44428361483607e-05	3.8937341841403e-05	0.000392464678178964
mpasivos_margen_rank_ratiomax6	2.42383461598702e-05	0.00103237430072138	0.000392464678178964
ctransferencias_emitidas_ratiomax6	2.41943662124348e-05	7.8232112754031e-05	0.000392464678178964
cforex_buy_ratiomax6	2.41659739500882e-05	0.00103237430072138	0.000392464678178964
rf_019_036	2.40231161126357e-05	0.000943433332656928	0.000392464678178964
Visa_msaldototal_rank_delta3	2.38688475330766e-05	3.23396216913802e-05	0.000392464678178964
Master_Fvencimiento_min6	2.38297904927716e-05	0.00085921603506317	0.000392464678178964
vm_mpagado_rank_lag3	2.37645425827894e-05	6.14161262148715e-05	0.000392464678178964
mautoservicio_rank_delta2	2.36503336467253e-05	0.00206474860144277	0.000784929356357928
Visa_mconsumospesos_rank_delta3	2.35946612245464e-05	0.000423233865761407	0.000392464678178964
cextraccion_autoservicio_delta1	2.35908196232454e-05	0.000132189885682675	0.000392464678178964
cpagomiscuentas_delta2	2.35305060265732e-05	0.00202133849032184	0.000784929356357928
vm_mconsumospesos_rank_delta2	2.352329960228e-05	0.000905495390532323	0.000392464678178964
Master_msaldototal_rank_lag1	2.35218373300508e-05	2.61722181094596e-05	0.000392464678178964
mextraccion_autoservicio_rank_delta3	2.3484300733491e-05	0.00206191439916035	0.000784929356357928
rf_007_013	2.34546389633511e-05	0.000858223643759533	0.000392464678178964
Master_cconsumos_tend6	2.34350066469638e-05	2.39379359936456e-05	0.000392464678178964
mautoservicio_rank_lag2	2.33091896418856e-05	3.92092682720604e-05	0.000392464678178964
ccomisiones_otras_ratioavg6	2.32723499629015e-05	3.35324536114289e-05	0.000392464678178964
Visa_mconsumospesos_rank_delta1	2.30689367177685e-05	6.14651851070004e-05	0.000392464678178964
vmr_mpagospesos_lag2	2.30544143698576e-05	2.93806696546905e-05	0.000392464678178964
vmr_mpagado_delta3	2.30097386454645e-05	0.000108829442933519	0.000392464678178964
rf_030_033	2.29848001743112e-05	0.000373883423644984	0.000392464678178964
Visa_msaldodolares_rank_lag2	2.28736629224227e-05	0.00087975629235623	0.000392464678178964
vm_mpagominimo_rank_delta1	2.2848459827902e-05	0.000889420894105626	0.000392464678178964
vmr_msaldopesos_delta1	2.27782912920253e-05	7.93913042909056e-05	0.000392464678178964
ccajas_extracciones_ratiomax6	2.27543200649051e-05	0.000662756197326352	0.000392464678178964
vmr_msaldopesos_ratioavg6	2.26666339183455e-05	0.000968974793581873	0.000392464678178964
vm_msaldototal_rank_delta1	2.2563492398381e-05	0.000861998375088195	0.000392464678178964
vmr_mpagado_avg6	2.25081245211983e-05	2.74323307958565e-05	0.000392464678178964
vm_mfinanciacion_limite_rank_lag2	2.23999072512963e-05	3.64381417080929e-05	0.000392464678178964
vmr_mconsumospesos_ratioavg6	2.23221581684345e-05	7.24473685307159e-05	0.000392464678178964
vm_mpagospesos_rank_delta1	2.23097436825201e-05	4.85654998423605e-05	0.000392464678178964
rf_022_034	2.22101996716124e-05	0.00099636367221613	0.000392464678178964
mttarjeta_visa_debitos_automaticos_rank_delta1	2.2171838408265e-05	0.00017931585746171	0.000392464678178964
ctarjeta_visa_debitos_automaticos_lag1	2.21522471541245e-05	3.69315339946465e-05	0.000392464678178964
ccajas_extracciones_max6	2.21412972216752e-05	0.000854748872514174	0.000392464678178964
Master_mpagospesos_rank_lag2	2.1994684469887e-05	5.62509257150129e-05	0.000392464678178964
Visa_cconsumos_tend6	2.1809441268912e-05	6.62196925956083e-05	0.000392464678178964
ctarjeta_visa_descuentos_avg6	2.15922721711396e-05	0.000949879671082667	0.000392464678178964
catm_trx_ratioavg6	2.15575289479723e-05	2.74645694963984e-05	0.000392464678178964
ccajas_transacciones_tend6	2.14911153264314e-05	0.000195768808199116	0.000392464678178964
ctarjeta_debito_transacciones_lag3	2.1293085798086e-05	4.29475558522837e-05	0.000392464678178964
vmr_mpagado_tend6	2.11393008405435e-05	5.64289394093093e-05	0.000392464678178964
vm_mpagominimo_rank_delta3	2.1095355111647e-05	3.91994564936346e-05	0.000392464678178964
mtransferencias_recibidas_rank_lag2	2.1069971799488e-05	0.000901614131323609	0.000392464678178964
Master_fultimo_cierre_ratioavg6	2.10520640974615e-05	2.91690155772201e-05	0.000392464678178964
thomebanking_min6	2.09159860931839e-05	2.80630879803711e-05	0.000392464678178964
mpagomiscuentas_rank_delta1	2.06991477746208e-05	3.64241248817703e-05	0.000392464678178964
Master_fechaalta_delta3	2.0530197160636e-05	3.41842360354274e-05	0.000392464678178964
ctrx_quarter_delta2	2.03301487384953e-05	2.54391380927904e-05	0.000392464678178964
mrentabilidad_rank_delta1	2.02414405982404e-05	0.00103237430072138	0.000392464678178964
mprestamos_personales_rank_min6	2.02098477618883e-05	3.92583271641893e-05	0.000392464678178964
rf_017_034	2.00653383096247e-05	0.000894780928491368	0.000392464678178964
Visa_fultimo_cierre_lag3	2.00315668929623e-05	2.70805084551606e-05	0.000392464678178964
mcomisiones_rank_ratiomax6	2.00213446747737e-05	6.10334668562659e-05	0.000392464678178964
Master_cconsumos_lag2	1.98776404987923e-05	6.24589780932689e-05	0.000392464678178964
mcheques_depositados_rank_ratiomax6	1.97310574030712e-05	0.000967772149883398	0.000392464678178964
Visa_fultimo_cierre_min6	1.96196806214104e-05	5.01339827078535e-05	0.000392464678178964
vm_mpagospesos_rank_lag1	1.94775117172078e-05	0.000948934936988528	0.000392464678178964
vmr_mpagosdolares_min6	1.93364993996202e-05	0.000981397906751546	0.000392464678178964
rf_013_028	1.92610475213368e-05	0.00101339691956329	0.000392464678178964
rf_011_042	1.92404593670962e-05	0.000889101310465472	0.000392464678178964
cproductos_lag2	1.92175626020975e-05	0.00102102487644802	0.000392464678178964
rf_007_031	1.91788910906641e-05	0.000948419117779858	0.000392464678178964
vm_mconsumosdolares_rank_delta2	1.89626071124313e-05	2.70272445151349e-05	0.000392464678178964
rf_018_019	1.8798574843105e-05	0.000974703470499898	0.000392464678178964
Visa_mpagominimo_rank_delta2	1.84094929464967e-05	2.6301172911627e-05	0.000392464678178964
mcaja_ahorro_dolares_rank_delta2	1.82565201089441e-05	0.000859060448290989	0.000392464678178964
rf_013_024	1.81946381625721e-05	0.00100516904251195	0.000392464678178964
catm_trx_other_ratioavg6	1.81667956780838e-05	3.57737441404042e-05	0.000392464678178964
ccomisiones_mantenimiento_ratiomax6	1.79276799500763e-05	0.00103237430072138	0.000392464678178964
Visa_cconsumos_lag3	1.77303131207677e-05	0.00091283600247744	0.000392464678178964
rf_025_034	1.7484393606608e-05	0.00103237430072138	0.000392464678178964
cseguro_accidentes_personales_avg6	1.72474610213826e-05	0.00099317484422775	0.000392464678178964
ccuenta_debitos_automaticos_lag3	1.71653581997542e-05	0.000826521787665829	0.000392464678178964
mtarjeta_visa_descuentos_rank_delta2	1.71478143548581e-05	0.00103237430072138	0.000392464678178964
ccajas_otras_max6	1.71031728490039e-05	0.000846128524325808	0.000392464678178964
vmr_msaldodolares_avg6	1.67338829552977e-05	2.71618060478314e-05	0.000392464678178964
rf_020_041	1.66049931254258e-05	0.00101594237522346	0.000392464678178964
vm_fultimo_cierre_lag2	1.65340900315807e-05	2.76285663643722e-05	0.000392464678178964
mcheques_emitidos_rank_lag2	1.65127513507201e-05	0.000855289922010224	0.000392464678178964
mpayroll_rank_tend6	1.64990468258891e-05	0.000853477546366719	0.000392464678178964
vmr_msaldototal_ratioavg6	1.63685521465426e-05	0.000915459952365021	0.000392464678178964
ctransferencias_emitidas_lag2	1.63474906358472e-05	3.24685764935476e-05	0.000392464678178964
mextraccion_autoservicio_rank_lag1	1.62730778605285e-05	0.000888487373472544	0.000392464678178964
ctarjeta_visa_descuentos_ratioavg6	1.62556583429904e-05	4.64657792592429e-05	0.000392464678178964
Master_fultimo_cierre_lag3	1.61100310851226e-05	3.04922039820685e-05	0.000392464678178964
mtarjeta_visa_descuentos_rank	1.60098004222008e-05	0.00103237430072138	0.000392464678178964
vm_mpagospesos_rank_lag3	1.5978634176967e-05	0.00097142213145779	0.000392464678178964
vm_mpagominimo_rank_lag2	1.5901482777918e-05	0.000972523854006742	0.000392464678178964
vm_msaldodolares_rank_delta2	1.58979434403774e-05	0.000950532855189298	0.000392464678178964
ctarjeta_debito_delta1	1.56173354527128e-05	0.00103237430072138	0.000392464678178964
Master_mpagospesos_rank_lag1	1.55756869283947e-05	0.00103237430072138	0.000392464678178964
rf_014_028	1.54401780924809e-05	0.00103237430072138	0.000392464678178964
mcomisiones_otras_rank_delta3	1.53589079219658e-05	2.96021355105868e-05	0.000392464678178964
mtarjeta_master_consumo_rank_delta2	1.53025340197394e-05	0.000997737321195739	0.000392464678178964
ctarjeta_master_debitos_automaticos_delta3	1.52749481742929e-05	0.000902805561561026	0.000392464678178964
mextraccion_autoservicio_rank_tend6	1.50868751001506e-05	0.000974224095039667	0.000392464678178964
mforex_buy_rank_ratioavg6	1.50862340728551e-05	0.000971190853823468	0.000392464678178964
vmr_mpagosdolares_max6	1.50040160488124e-05	0.0010068790953233	0.000392464678178964
mcuenta_debitos_automaticos_rank_avg6	1.49994638425202e-05	0.00089906587229817	0.000392464678178964
rf_013_034	1.49226101447597e-05	0.00099036447055008	0.000392464678178964
ccajas_otras_delta3	1.4707697189319e-05	0.000891292140419686	0.000392464678178964
mtransferencias_recibidas_rank_ratioavg6	1.46613926624741e-05	2.5481188571758e-05	0.000392464678178964
rf_010_034	1.44152005406212e-05	0.000940387476297039	0.000392464678178964
mtarjeta_master_descuentos_rank_max6	1.43049495488903e-05	0.00102779079851391	0.000392464678178964
ccheques_emitidos_rechazados_max6	1.42276202134391e-05	0.00103237430072138	0.000392464678178964
vm_mlimitecompra_rank_delta1	1.41589869493413e-05	0.000968366463319474	0.000392464678178964
vm_cconsumos_delta2	1.40342489688564e-05	0.000971120769691855	0.000392464678178964
Visa_fultimo_cierre_delta1	1.37274945956153e-05	0.00103237430072138	0.000392464678178964
vmr_mconsumototal_lag2	1.32619878736007e-05	0.000942446548083821	0.000392464678178964
minversion2_rank_ratioavg6	1.31697438176591e-05	0.0010153354466437	0.000392464678178964
rf_025_035	1.30983263051125e-05	0.0010117807794883	0.000392464678178964
vm_mpagominimo_rank_delta2	1.30180518940795e-05	0.00103237430072138	0.000392464678178964
cseguro_vida_tend6	1.29564824770295e-05	0.00103237430072138	0.000392464678178964
ctarjeta_master_transacciones	1.29203978871372e-05	0.00103237430072138	0.000392464678178964
mextraccion_autoservicio_rank_lag2	1.27558340898399e-05	2.68155904376645e-05	0.000392464678178964
rf_018_031	1.20238710272335e-05	0.00103237430072138	0.000392464678178964
mcaja_ahorro_adicional_rank_avg6	1.18584517664636e-05	0.00103237430072138	0.000392464678178964
rf_026_024	1.18194483352028e-05	0.00103237430072138	0.000392464678178964
ctransferencias_recibidas_delta3	1.16543518693166e-05	0.00100572691219959	0.000392464678178964
ccallcenter_transacciones_lag3	1.15175050885315e-05	0.00100529939899675	0.000392464678178964
vm_mconsumototal_rank_delta1	1.13337013474265e-05	0.00103237430072138	0.000392464678178964
ctarjeta_debito_tend6	1.13026514452249e-05	0.00100132422705168	0.000392464678178964
Master_cconsumos_delta3	1.12370008971016e-05	0.00103237430072138	0.000392464678178964
ccajas_extracciones_delta1	1.10304646399846e-05	0.00103237430072138	0.000392464678178964
rf_002_026	1.09839445363446e-05	0.00103237430072138	0.000392464678178964
rf_003_038	1.07063751549347e-05	0.00103237430072138	0.000392464678178964
rf_021_023	1.05252461629539e-05	0.00103237430072138	0.000392464678178964
rf_023_021	1.03700285892493e-05	0.00103237430072138	0.000392464678178964
Visa_status_avg6	1.03040096215238e-05	0.00103237430072138	0.000392464678178964
cprestamos_personales_ratiomax6	1.00812971204489e-05	0.00103237430072138	0.000392464678178964
rf_017_041	1.00752872043994e-05	0.00103237430072138	0.000392464678178964
mv_status07_rank_delta2	9.77948276360749e-06	0.00103237430072138	0.000392464678178964
mtransferencias_emitidas_rank_min6	9.68616880801618e-06	0.00103237430072138	0.000392464678178964
cpayroll_trx_delta3	9.47408002265303e-06	0.00103237430072138	0.000392464678178964
Visa_mconsumospesos_rank_delta2	9.45393899065411e-06	0.00103237430072138	0.000392464678178964
cextraccion_autoservicio_ratiomax6	9.12674018103574e-06	0.00103237430072138	0.000392464678178964
