Feature	Gain	Cover	Frequency
azar_sampling	0.528725079180846	0.0152456827418892	0.0241020793950851
ctrx_quarter_normalizado	0.232792547167086	0.0131458980790923	0.0103969754253308
azar_under	0.0296183358387028	0.0122025933890019	0.0155954631379962
mcaja_ahorro_rank	0.0119339125911194	0.00850208227914784	0.00756143667296786
mcuenta_corriente_rank	0.0110687693419085	0.00169276111740652	0.00425330812854442
vm_status04_delta2	0.0108948485024245	0.00223557960800175	0.000945179584120983
cpayroll_trx	0.00666629137596124	0.00388686260047057	0.00236294896030246
cdescubierto_preacordado_tend6	0.00648360468787562	0.00147832934767659	0.000472589792060492
mprestamos_personales_rank_ratioavg6	0.0056890802101538	0.00664944823024302	0.00472589792060492
ccomisiones_mantenimiento_ratioavg6	0.00522756194782536	0.00544225515302778	0.00472589792060492
ctrx_quarter	0.00506227319372835	0.0117307262769899	0.0127599243856333
ctarjeta_visa_transacciones_ratiomax6	0.0048593032296003	0.00293269511763089	0.00236294896030246
ctarjeta_visa_transacciones_ratioavg6	0.00296460272443525	0.00377949718159603	0.00425330812854442
ctrx_quarter_ratiomax6	0.00288811011219467	0.00228777400243097	0.00236294896030246
cpayroll_trx_min6	0.00287676905635795	0.00303841465881615	0.00141776937618147
foto_mes	0.00221825114699388	0.00574132317217691	0.00803402646502836
rf_034_032	0.00215183438037323	0.000167307481450843	0.000472589792060492
vm_status06_max6	0.00207109736522114	0.000183499305011085	0.000472589792060492
mpayroll_rank_ratiomax6	0.00200257098648155	0.00147832934767659	0.000472589792060492
mcuentas_saldo_rank	0.00188072616963681	0.00109223855645881	0.00236294896030246
vm_mpagominimo_rank	0.00170750779193664	0.00436607996138273	0.00378071833648393
mpayroll_sobre_edad_rank	0.00169334844247973	0.00573693751028536	0.00236294896030246
cproductos_delta2	0.00157990288324171	0.000190092851607762	0.000472589792060492
cdescubierto_preacordado_delta3	0.00150542349623674	0.0016884537350636	0.000945179584120983
Visa_mpagospesos_rank	0.00140477272274973	0.00117061645632293	0.00425330812854442
vm_Finiciomora	0.00133929964140498	0.00685019713630489	0.00330812854442344
ctrx_quarter_delta1	0.00127393947483035	0.000569158555127412	0.000945179584120983
ctrx_quarter_max6	0.00122514362602134	0.00249383989629638	0.00378071833648393
ccaja_ahorro	0.00119947893193737	0.00418377291411242	0.00236294896030246
cprestamos_personales_ratioavg6	0.00119100586097202	0.00285587277289992	0.00189035916824197
mprestamos_personales_rank_lag2	0.00118674576188716	0.000945426266575291	0.000945179584120983
mcuentas_saldo_rank_tend6	0.00109702832573779	0.0009923939957571	0.000945179584120983
mprestamos_personales_rank_min6	0.00107452707788803	0.000893516889989822	0.000945179584120983
mcuentas_saldo_rank_ratioavg6	0.0010556675453474	0.00231374073373119	0.00378071833648393
mpayroll_rank_ratioavg6	0.00102565288360751	0.00547623851297552	0.00283553875236295
rf_018_040	0.00101230689549183	0.00147832934767659	0.000472589792060492
vm_msaldopesos_rank	0.000943509860517318	0.00190791346041748	0.00330812854442344
vm_status04	0.000905958174138544	0.000854166363040704	0.000945179584120983
mcomisiones_otras_rank_lag3	0.000888716858559836	0.00103290265859245	0.00189035916824197
mactivos_margen_rank	0.000871988823806841	0.00221771581356935	0.00378071833648393
rf_022_046	0.000866309311449148	0.00147832934767659	0.000472589792060492
vmr_mpagominimo_delta2	0.000849384910120855	0.00082079318213874	0.000945179584120983
mtarjeta_visa_consumo_rank	0.000809035880112964	0.00108846708794887	0.00141776937618147
mprestamos_personales_rank_ratiomax6	0.000807417133659061	0.00412895314405201	0.00236294896030246
ctrx_quarter_normalizado_min6	0.000804102286566099	0.000496667678754325	0.000945179584120983
mprestamos_personales_rank_delta2	0.000803477880121264	0.00650016712382559	0.00472589792060492
vm_msaldototal_rank	0.000792239233836983	7.97146736946822e-05	0.000472589792060492
rf_031_043	0.000778865339801291	0.0030304100731761	0.00141776937618147
ctrx_quarter_normalizado_delta1	0.000770712502686796	0.0018762604224176	0.00236294896030246
ccaja_seguridad_lag2	0.000764484530926344	0.000361484919763091	0.000472589792060492
mcuentas_saldo_rank_delta2	0.000755613615641205	0.0011778081389579	0.00236294896030246
cdescubierto_preacordado_min6	0.00075444865107126	0.000330821415544694	0.000472589792060492
ccallcenter_transacciones_ratioavg6	0.000750191114824312	0.00308088231753533	0.00330812854442344
ctarjeta_visa_transacciones_delta3	0.000747206941520046	0.000751270907110094	0.000472589792060492
mpayroll_rank	0.000710349173729019	0.00200864719650498	0.00141776937618147
mcomisiones_rank_lag3	0.000708147217240887	0.000754903881033986	0.00283553875236295
mcuentas_saldo_rank_min6	0.000702914603371354	0.00530860185598682	0.00425330812854442
ccaja_seguridad_min6	0.000675751848321572	0.00065753616553785	0.000472589792060492
vmr_mpagominimo_delta3	0.000657934273802037	0.00306663945401934	0.00189035916824197
ctarjeta_debito_transacciones_ratioavg6	0.000639321494197234	0.00144242111369956	0.00236294896030246
mprestamos_personales_rank_delta3	0.00063385100544926	0.000919911148055668	0.000945179584120983
mpasivos_margen_rank	0.000631519930285622	0.000635477390165709	0.00189035916824197
vm_mpagominimo_rank_lag1	0.000626156125710307	0.00215520859039927	0.00189035916824197
ccomisiones_mantenimiento_tend6	0.000597454467487661	0.00417106754121836	0.00189035916824197
mrentabilidad_rank_delta2	0.000594438334869258	0.00211800774028578	0.00330812854442344
vm_fultimo_cierre_tend6	0.000534713123539163	0.00140471847160763	0.00141776937618147
mprestamos_personales_rank_delta1	0.000531402626017342	0.0070553577974412	0.00330812854442344
mpasivos_margen_rank_max6	0.00051528453459936	0.00188474873552486	0.00330812854442344
cdescubierto_preacordado	0.000489937859687426	0.000573198984137796	0.000472589792060492
mpayroll_rank_avg6	0.000471539618629403	0.000601564281094947	0.000945179584120983
vm_mpagospesos_rank	0.000463643892184345	0.000893410510090394	0.00189035916824197
mrentabilidad_annual_rank_lag1	0.000443838239671806	0.000673782182631763	0.00236294896030246
tcallcenter_ratioavg6	0.000439038184486965	0.000866903850621377	0.000945179584120983
Visa_Finiciomora	0.000437261477759922	0.00204765048340502	0.000945179584120983
ctrx_quarter_normalizado_lag1	0.000436534052484202	0.000836894683142863	0.00141776937618147
mrentabilidad_annual_rank_lag2	0.000410290916211624	0.000669167703598046	0.00283553875236295
mrentabilidad_annual_rank_lag3	0.000394962431528728	0.00210882093274454	0.00283553875236295
cplazo_fijo_ratioavg6	0.000390955508189992	0.00307876876972214	0.00141776937618147
mttarjeta_visa_debitos_automaticos_rank_tend6	0.000382867779247407	0.00277872727413485	0.00236294896030246
mcomisiones_otras_rank_avg6	0.000371911980811439	0.000571296188955558	0.00141776937618147
vmr_mpagominimo_max6	0.000370821412283076	0.00442097198948804	0.00330812854442344
vm_status02_delta3	0.000370658083348057	0.000856823853358512	0.000472589792060492
mtarjeta_visa_consumo_rank_ratioavg6	0.000367112566336077	0.0010220659590261	0.00141776937618147
Master_fechaalta_tend6	0.000364988940812835	0.000132864480050849	0.000945179584120983
mcuenta_corriente_rank_min6	0.000360917913886297	0.000793218709339608	0.00283553875236295
vm_Finiciomora_lag1	0.000355951146095057	0.00109303941645639	0.000472589792060492
mprestamos_personales_rank	0.000354387773864529	0.00346276608480588	0.00236294896030246
thomebanking_ratiomax6	0.000352884405890024	9.91380375960655e-05	0.000472589792060492
mrentabilidad_rank	0.000349065726622834	0.00145673824242835	0.00425330812854442
ccaja_seguridad_ratiomax6	0.000337830044526557	0.000852713173471147	0.000472589792060492
ctrx_quarter_normalizado_ratioavg6	0.000332800494459704	0.00174689242887251	0.00141776937618147
mcuentas_saldo_rank_ratiomax6	0.00032909266518567	0.00106222336747655	0.00283553875236295
rf_032_048	0.0003263720120634	8.71351734718253e-05	0.000472589792060492
mrentabilidad_rank_ratiomax6	0.000323690364850648	0.00221699524028832	0.00330812854442344
mcomisiones_mantenimiento_rank_tend6	0.000322923382413481	0.000356994885140027	0.00189035916824197
mrentabilidad_annual_rank_avg6	0.000322430937943575	0.00102338065400961	0.00189035916824197
mcuenta_corriente_rank_lag1	0.000308827200866758	0.00210538064694037	0.00283553875236295
vm_mpagominimo_rank_lag3	0.000298169634559911	0.0003245610588217	0.000472589792060492
mcuenta_corriente_rank_avg6	0.000293509633631605	0.000633219326262738	0.00189035916824197
cliente_edad	0.000291956633641319	0.00342252236813514	0.00236294896030246
ccajas_consultas_ratioavg6	0.000291725806567146	0.00348793998478017	0.00141776937618147
mrentabilidad_rank_delta1	0.000291543832986292	0.000812650101912646	0.00236294896030246
vm_Finiciomora_max6	0.000284344289372101	0.00164203596989016	0.000945179584120983
ccomisiones_mantenimiento_delta1	0.00028258893398622	0.000549367879497812	0.000945179584120983
ctarjeta_visa_debitos_automaticos_ratioavg6	0.000280535322293502	0.000495138216804046	0.00141776937618147
mactivos_margen_rank_delta3	0.000279352809537151	0.00380405287385288	0.00330812854442344
vm_cconsumos_lag2	0.000278776847982233	0.00233852725029812	0.00236294896030246
mcuenta_corriente_rank_delta3	0.000276899106205917	0.00232741155439176	0.00330812854442344
ctrx_quarter_avg6	0.000276337693591713	0.000876174959215	0.00236294896030246
rf_012_030	0.000269919965443567	0.00040715802564053	0.000945179584120983
chomebanking_transacciones	0.000265858754669799	0.00056784185297599	0.00189035916824197
ctrx_quarter_tend6	0.000263352676360884	0.00274250592196327	0.00283553875236295
mpayroll_rank_delta3	0.000263019935377455	0.000681210711080561	0.000472589792060492
mactivos_margen_rank_delta1	0.000262337525382611	0.00196490297899265	0.00330812854442344
ctransferencias_recibidas_avg6	0.000261750490433681	0.00196729953748167	0.00283553875236295
mrentabilidad_rank_lag2	0.000260902025466319	0.00139950786370353	0.00236294896030246
mactivos_margen_rank_min6	0.000260718847835199	0.00248230871663187	0.00283553875236295
rf_008_032	0.000259498615423831	0.000202157937937328	0.000945179584120983
ccaja_ahorro_ratioavg6	0.000257024543575599	0.00591331739070636	0.00189035916824197
mactivos_margen_rank_ratiomax6	0.000252897078606173	0.00301689179727698	0.00283553875236295
Visa_delinquency_ratioavg6	0.000252128280422521	0.000311111026631644	0.000472589792060492
mcaja_ahorro_rank_ratioavg6	0.000251781999918029	0.00146523056987144	0.00283553875236295
mcuentas_saldo_rank_delta3	0.000251267285353747	0.00292769325518982	0.00189035916824197
cproductos_tend6	0.000250409167433198	0.00266635597848341	0.00189035916824197
mcuenta_corriente_rank_ratioavg6	0.000248968185219761	0.000963199738451569	0.00283553875236295
mcaja_ahorro_dolares_rank_delta1	0.000241628256114324	0.00580138767199595	0.00236294896030246
cproductos_ratioavg6	0.00024144820949745	0.00226832454534671	0.00141776937618147
Visa_cconsumos_max6	0.000238995194022242	0.000376518607437098	0.00236294896030246
chomebanking_transacciones_avg6	0.000233027224586082	0.00144620863955281	0.00236294896030246
cmobile_app_trx_lag1	0.000232081236382722	0.00322684958972715	0.00283553875236295
mcaja_ahorro_dolares_rank	0.000231778793704328	0.00174743436420922	0.00236294896030246
chomebanking_transacciones_delta1	0.000230336305219173	0.00190207460895637	0.00189035916824197
mrentabilidad_rank_delta3	0.000226317342586664	0.00277007638042657	0.00283553875236295
cproductos_avg6	0.000225947984452075	0.000750223165459115	0.00236294896030246
mcuenta_corriente_rank_tend6	0.000224867441213727	0.00430616599915722	0.00330812854442344
mcuenta_debitos_automaticos_rank_min6	0.000221234209865206	0.00275516914433113	0.00189035916824197
mcomisiones_mantenimiento_rank_avg6	0.000220141954941138	0.00405677337870555	0.00283553875236295
Visa_fechaalta_min6	0.000220044625126871	0.000282789887368595	0.000472589792060492
mactivos_margen_rank_lag2	0.000219876556150595	0.00190651647154951	0.00283553875236295
vm_status05_ratioavg6	0.000219343674450372	0.00430145316889573	0.00141776937618147
thomebanking_ratioavg6	0.000218472386927819	0.00199206598236947	0.00189035916824197
mautoservicio_rank_ratioavg6	0.000216676311432341	0.00202249264077404	0.00236294896030246
vmr_msaldopesos_lag2	0.000214333246539248	0.00158737275892702	0.00189035916824197
vm_Finiciomora_ratiomax6	0.000213527086530778	0.00143597409036058	0.000472589792060492
mtransferencias_recibidas_rank_max6	0.000211868272765616	0.0016466103055656	0.00236294896030246
mactivos_margen_rank_avg6	0.000209372674287781	0.00291744666299011	0.00236294896030246
Visa_delinquency	0.000206136132773107	0.000162851568682312	0.000472589792060492
vm_cconsumos_lag3	0.000205653767993078	0.000491266389898417	0.000945179584120983
ctrx_quarter_ratioavg6	0.000205326234889715	0.000302008520142776	0.00141776937618147
Visa_fechaalta	0.000205040853216745	0.000139166987300032	0.000945179584120983
mcaja_ahorro_rank_delta2	0.000204952568286102	0.00402490356657099	0.00330812854442344
mcuenta_debitos_automaticos_rank_ratiomax6	0.000204019552636361	0.0014575330809222	0.00141776937618147
mcuenta_debitos_automaticos_rank_tend6	0.000203236313102832	0.00303497437301198	0.00141776937618147
mcomisiones_rank_min6	0.000203128912060889	0.00198975773926865	0.00283553875236295
ctrx_quarter_normalizado_ratiomax6	0.00020211572431317	0.000671779029053838	0.00189035916824197
mrentabilidad_annual_rank_ratioavg6	0.00020184710505083	0.00321342163638415	0.00236294896030246
Visa_fechaalta_tend6	0.000199235947969611	0.000303212820891028	0.000472589792060492
mcaja_ahorro_rank_min6	0.000198672234845711	0.000543067379416542	0.00141776937618147
chomebanking_transacciones_max6	0.00019244329355884	0.00126315492581858	0.00236294896030246
mtransferencias_recibidas_rank	0.000191251861642989	0.0013469762650648	0.00141776937618147
rf_019_037	0.000191214265294324	0.00109594780276342	0.000472589792060492
mactivos_margen_rank_ratioavg6	0.000191078069801292	0.00474948516193191	0.00283553875236295
mcaja_ahorro_dolares_rank_ratiomax6	0.000189698051699211	0.00113882090940118	0.000472589792060492
cliente_edad_lag2	0.000189082910155218	0.00112482894187441	0.00189035916824197
mcaja_ahorro_rank_lag1	0.000188674052885701	0.00121692382726111	0.00283553875236295
rf_009_045	0.000188101157065195	0.00127631391866114	0.000945179584120983
cliente_antiguedad_min6	0.000187514828105578	0.00109867554395821	0.00189035916824197
Master_mfinanciacion_limite_rank	0.000186904299669832	0.000838990166444821	0.00236294896030246
mcomisiones_otras_rank_delta1	0.000186195962701039	0.000662511934796042	0.00189035916824197
Visa_Fvencimiento	0.000185920184416938	0.000839899413509751	0.00189035916824197
mrentabilidad_annual_rank_delta2	0.000184661091162348	0.000657018316216102	0.00236294896030246
ccaja_ahorro_tend6	0.000184551544348093	0.00147832934767659	0.000472589792060492
cmobile_app_trx_ratioavg6	0.000182413635839016	0.00193699531631984	0.00189035916824197
mcuenta_corriente_rank_delta2	0.00018157221625815	0.00151920130790433	0.00189035916824197
mprestamos_prendarios_rank_max6	0.000180324886671369	0.00582927727015754	0.00189035916824197
rf_006_044	0.000178851715455492	0.000235352480894968	0.000472589792060492
cprestamos_personales_delta3	0.000177757528731901	0.00102773018687871	0.000472589792060492
mcuenta_corriente_rank_max6	0.00017746376222696	0.000749994348316947	0.00141776937618147
chomebanking_transacciones_lag2	0.00017675950887443	0.000806732970902904	0.00189035916824197
mcomisiones_rank_ratiomax6	0.000174970860773364	0.000188091705197751	0.000945179584120983
mpayroll_rank_delta2	0.000174854295168101	0.00380680670823055	0.00189035916824197
mpasivos_margen_rank_delta1	0.000173620542577843	0.00256335414265337	0.00236294896030246
Master_mpagominimo_rank	0.000173506285944476	0.00104932329929486	0.000945179584120983
mplazo_fijo_dolares_rank	0.000172594967377238	0.00147832934767659	0.000472589792060492
mpasivos_margen_rank_tend6	0.000171645711555536	0.00100774682312939	0.00283553875236295
mrentabilidad_annual_rank_ratiomax6	0.000170718019838899	0.00144415932111287	0.00236294896030246
vmr_Master_mlimitecompra_min6	0.000170309305217907	0.000808099852252169	0.00189035916824197
mcaja_ahorro_rank_avg6	0.000169204755925161	0.000360395027585924	0.00189035916824197
Master_mlimitecompra_rank_delta3	0.000169165820131019	0.000449368766866746	0.00236294896030246
Master_mfinanciacion_limite_rank_lag2	0.000167226866421757	0.000692238091598718	0.00189035916824197
Master_fultimo_cierre_delta3	0.000167017206938102	0.000104428932216717	0.000472589792060492
Visa_fechaalta_avg6	0.000167017020769687	0.00108155239448599	0.000945179584120983
mpasivos_margen_rank_lag1	0.000166795768071123	0.000717287547162349	0.00189035916824197
vmr_Visa_mlimitecompra_ratiomax6	0.000166678576263011	0.00330605644993965	0.00141776937618147
mcomisiones_rank_delta1	0.000165125540006151	0.00134610716135814	0.00189035916824197
mcuenta_debitos_automaticos_rank_max6	0.000164592822714398	0.00042236432975512	0.00141776937618147
mcuenta_corriente_rank_lag3	0.000164098381165135	0.000796903869629257	0.00141776937618147
mcomisiones_mantenimiento_rank_min6	0.000163614843765871	0.000776250111796744	0.00189035916824197
mcuentas_saldo_rank_delta1	0.000163438948462866	0.000447227118702772	0.00141776937618147
mcaja_ahorro_rank_ratiomax6	0.000163139575145542	0.00146852633958582	0.00236294896030246
vmr_msaldopesos_ratiomax6	0.00016112496694457	0.000340833169098491	0.000945179584120983
ctarjeta_master_transacciones_ratiomax6	0.000161046336175999	0.000686142322644651	0.000945179584120983
mcaja_ahorro_rank_delta1	0.000160712168707315	0.00303493021531787	0.00236294896030246
rf_033_025	0.000159809452571495	0.000124420324637693	0.000472589792060492
mcuentas_saldo_rank_lag1	0.000159691656320479	0.00266919812824928	0.00236294896030246
mpasivos_margen_rank_lag2	0.000158993362774988	0.000474811627341474	0.00141776937618147
Visa_Fvencimiento_min6	0.000158137771425781	0.0016736829863863	0.00236294896030246
mtarjeta_visa_consumo_rank_ratiomax6	0.000156596548401048	0.000615247144762998	0.00141776937618147
Visa_mfinanciacion_limite_rank	0.000156355356339947	0.00028796436625025	0.000945179584120983
vm_mfinanciacion_limite_rank_delta2	0.000155996513094126	0.00292340594452604	0.00189035916824197
Master_Fvencimiento_min6	0.000155911627550379	0.000855617545442347	0.00236294896030246
mcuenta_corriente_rank_delta1	0.000155646190075489	0.000650262189018411	0.00189035916824197
cdescubierto_preacordado_delta1	0.000154255894026259	0.00414093192216128	0.00141776937618147
vm_status04_delta1	0.000153906724284683	0.00147090884789945	0.000472589792060492
mautoservicio_rank_ratiomax6	0.000152637157243443	0.000884845924602411	0.00189035916824197
ccaja_seguridad	0.000151418895315943	0.00134660694616867	0.000472589792060492
vm_mfinanciacion_limite_rank	0.000151408793866122	0.00299887345091522	0.00189035916824197
rf_011_042	0.000150753011998996	0.00147832934767659	0.000472589792060492
cliente_antiguedad_lag2	0.000150494548586339	0.00202389966548158	0.00141776937618147
mrentabilidad_rank_lag3	0.000148398656112446	0.00140852807630793	0.00189035916824197
mcaja_ahorro_dolares_rank_min6	0.000147401228609021	0.000767468752174077	0.00189035916824197
vm_fechaalta	0.000147256111538717	0.000845272602014866	0.00141776937618147
mrentabilidad_annual_rank_tend6	0.000145997550193883	0.00334225371609627	0.00236294896030246
mtransferencias_emitidas_rank_max6	0.00014591528551457	0.00162454952302555	0.00141776937618147
ctrx_quarter_normalizado_tend6	0.000144933856405943	0.000487322304947893	0.00141776937618147
mcomisiones_otras_rank_lag2	0.000144362442679439	0.000184027190172402	0.00141776937618147
Visa_cconsumos	0.000143975828908811	0.000262212401916804	0.00141776937618147
rf_035_031	0.000143705979000718	0.000330955895794915	0.000945179584120983
mextraccion_autoservicio_rank_avg6	0.000142822991881303	0.000496870402713614	0.00189035916824197
Master_msaldototal_rank	0.000142211223128718	0.00173502203783058	0.000945179584120983
Master_fechaalta_lag3	0.000141402277847343	0.00115739724844296	0.00189035916824197
vmr_msaldototal_ratiomax6	0.000141337155168803	0.000229479507579328	0.00141776937618147
cmobile_app_trx_ratiomax6	0.000141199402630849	0.00203812045015052	0.00141776937618147
cliente_edad_min6	0.000140591171078141	0.000425601891600003	0.00189035916824197
Master_Finiciomora	0.000140576649941801	0.000745257432040491	0.000472589792060492
ccomisiones_mantenimiento_avg6	0.000140266301150215	0.00362412030622454	0.00189035916824197
vm_status01	0.000139642829174112	0.00409533910300039	0.00141776937618147
cmobile_app_trx_lag3	0.000138830237893136	0.000279979852289342	0.00141776937618147
cproductos_delta1	0.000138686571485804	0.000388712152513145	0.000472589792060492
mcuentas_saldo_rank_lag3	0.000137736888927412	0.00196713494971275	0.00189035916824197
cliente_antiguedad_ratioavg6	0.000137500734293477	0.0020141528580924	0.00236294896030246
mcomisiones_rank_tend6	0.000137297803468236	0.000326847223075464	0.000945179584120983
vm_Fvencimiento_max6	0.000137237596119397	0.000864995033935399	0.00189035916824197
ccomisiones_mantenimiento_ratiomax6	0.000136626034086285	0.00279824698209609	0.00189035916824197
mtransferencias_emitidas_rank_avg6	0.000136231454967059	0.000917901972974002	0.00189035916824197
ccomisiones_otras_ratiomax6	0.000135454233267089	0.000556037698475211	0.00189035916824197
ccomisiones_otras_min6	0.00013530211674795	0.00109036185445945	0.00141776937618147
Visa_status	0.000134771618970543	0.00147461809420406	0.000472589792060492
rf_021_032	0.000133312038048932	0.00283838030453157	0.000945179584120983
cmobile_app_trx_lag2	0.000132141639537275	0.00055022293302907	0.00189035916824197
mcomisiones_otras_rank_max6	0.000131469293516792	0.000395837598606966	0.00141776937618147
Visa_Finiciomora_max6	0.000131035148773919	0.00383606920924515	0.00141776937618147
mpayroll_rank_delta1	0.000130994943649678	0.00289005283530322	0.00141776937618147
mcaja_ahorro_rank_delta3	0.000130954105069272	0.0023738875274347	0.00189035916824197
mactivos_margen_rank_lag3	0.000130859891762621	0.00202069221115541	0.00189035916824197
vmr_msaldopesos_tend6	0.00013052659469172	0.00149174124367628	0.00189035916824197
rf_004_029	0.00013034746441029	0.0014550662715562	0.000945179584120983
vmr_mconsumospesos_ratiomax6	0.000129586451451248	0.00112663137866096	0.00141776937618147
vmr_Visa_mlimitecompra_ratioavg6	0.00012860000063097	0.000270580284949239	0.000945179584120983
mrentabilidad_annual_rank	0.000128597902005206	0.00121555293157602	0.00141776937618147
ccheques_depositados_max6	0.000128418914372301	0.00113355008645966	0.000472589792060492
mactivos_margen_rank_delta2	0.000127903041695413	0.00167166377546506	0.00141776937618147
Master_msaldopesos_rank_lag3	0.000127300830394035	6.1214607033625e-05	0.000472589792060492
mcomisiones_mantenimiento_rank_max6	0.000127214871359689	0.00142540032979094	0.00189035916824197
vmr_msaldopesos2_min6	0.000127117922344451	0.00452288995464465	0.00189035916824197
ccallcenter_transacciones_ratiomax6	0.000124560721463552	0.000656247563737221	0.000472589792060492
cliente_edad_lag1	0.000123992390395861	0.00155442710479069	0.00189035916824197
vmr_mpagospesos_ratiomax6	0.0001232063680072	0.000727672633948105	0.00141776937618147
ctrx_quarter_normalizado_avg6	0.00012300161659993	0.000308098267593101	0.000945179584120983
ccomisiones_mantenimiento_lag2	0.000122628003187293	0.000462652204119961	0.000945179584120983
vm_fechaalta_max6	0.00012257431898628	0.000151597378189902	0.000945179584120983
mactivos_margen_rank_lag1	0.000122431713980688	0.00127472825600927	0.00189035916824197
mrentabilidad_annual_rank_delta1	0.000122284863368134	0.000128880251742051	0.000472589792060492
Visa_cconsumos_delta1	0.000122204956016148	0.00150262410810465	0.00141776937618147
ccomisiones_otras	0.000121799781012806	0.000273179567397548	0.000945179584120983
cproductos_max6	0.000121705039423056	0.00266191411589027	0.00189035916824197
mrentabilidad_annual_rank_max6	0.000121328072561184	0.00241189927338534	0.00189035916824197
Visa_mlimitecompra_rank_lag1	0.000121080605173848	0.000325414105185044	0.00141776937618147
cliente_edad_max6	0.000121050320166556	0.00151822180996242	0.00141776937618147
vm_status01_tend6	0.000120814896908537	0.000145933150337292	0.000945179584120983
ccuenta_debitos_automaticos_tend6	0.000120248330814127	0.00582375956556264	0.00189035916824197
vmr_mconsumosdolares_max6	0.000119879523931468	0.000313415255396632	0.000945179584120983
mtransferencias_recibidas_rank_avg6	0.000118461382406509	0.00289550631052488	0.00189035916824197
mtransferencias_recibidas_rank_lag2	0.000116824222203962	0.00110935568442729	0.00141776937618147
vm_Fvencimiento_lag3	0.000116679458128314	0.000737429477176856	0.00141776937618147
thomebanking_max6	0.000116259805508521	0.000336784711416453	0.000945179584120983
mplazo_fijo_dolares_rank_ratioavg6	0.000115933841538938	0.00147832934767659	0.000472589792060492
Visa_mlimitecompra_rank_delta2	0.000115803998740833	0.00355595889104141	0.00189035916824197
chomebanking_transacciones_tend6	0.00011580180461309	0.00110232457522541	0.00141776937618147
Visa_msaldototal_rank	0.000115650072519638	5.24011327243376e-05	0.000472589792060492
vm_fultimo_cierre_ratiomax6	0.00011555330846393	0.000101426209017743	0.000945179584120983
mcaja_ahorro_rank_lag3	0.000115107630950437	0.000606311233210971	0.000472589792060492
cpayroll_trx_ratiomax6	0.00011479503242236	0.000985495359637532	0.000472589792060492
mpagomiscuentas_rank	0.000114679820769203	0.00071757657934193	0.000945179584120983
vm_mpagominimo_rank_lag2	0.000113923831939585	0.000310163643376353	0.000945179584120983
Master_mpagominimo_rank_delta2	0.000113869260416387	0.00312423313013655	0.00141776937618147
ctransferencias_emitidas	0.000113801420162549	0.000472708115367861	0.000945179584120983
mcuenta_debitos_automaticos_rank_ratioavg6	0.000113389290439146	0.00136915346334385	0.000945179584120983
vm_cconsumos_ratiomax6	0.000113114855227179	0.00225366017656884	0.00189035916824197
vmr_msaldopesos2_max6	0.000112882341757302	0.00172246118102631	0.00141776937618147
ccomisiones_otras_lag3	0.000112337493296454	0.000224690404937114	0.000945179584120983
ctarjeta_visa_debitos_automaticos_tend6	0.000112110890069298	0.000999864674732087	0.000945179584120983
Master_fultimo_cierre_delta2	0.000111764754631103	0.000957174220374484	0.00141776937618147
Visa_mpagominimo_rank_delta1	0.000111610962596233	0.000679727413992298	0.00141776937618147
mttarjeta_visa_debitos_automaticos_rank_max6	0.000111524848824503	0.00234727448806625	0.00189035916824197
mcomisiones_otras_rank_ratioavg6	0.000111392763543222	0.000531744945215064	0.00141776937618147
mcuenta_debitos_automaticos_rank	0.000110192620396231	0.000208177434510672	0.000472589792060492
vm_mfinanciacion_limite_rank_delta1	0.000109474174724301	0.000578909376852422	0.00141776937618147
mpagomiscuentas_rank_ratioavg6	0.00010944187329548	0.000448872996392049	0.000945179584120983
rf_027_038	0.000108929774760089	0.00110821762022019	0.000945179584120983
mtarjeta_visa_consumo_rank_delta3	0.00010868048799961	0.000388862690106676	0.00141776937618147
mcomisiones_mantenimiento_rank_ratioavg6	0.000108443623749705	0.000189464608050757	0.000945179584120983
mpagomiscuentas_rank_tend6	0.00010773431241895	0.00279022433194482	0.00141776937618147
Visa_Fvencimiento_lag3	0.000107655988707374	0.000349550299347919	0.000945179584120983
cforex_avg6	0.000107132214752838	0.000613581195394583	0.000945179584120983
mcomisiones_otras_rank_tend6	0.000106635401369618	0.000265279354489018	0.000945179584120983
ctarjeta_visa_debitos_automaticos_max6	0.000106629673668654	0.00144440820993417	0.00141776937618147
mextraccion_autoservicio_rank_max6	0.000106485441502762	0.000138143331664019	0.000945179584120983
mpasivos_margen_rank_delta2	0.000106310489130689	0.00239398931409093	0.00189035916824197
Master_mlimitecompra_rank_lag1	0.000106148268743957	0.00044727930506853	0.000472589792060492
Master_fechaalta	0.000106047890119679	0.000429319166576272	0.00141776937618147
vm_cconsumos_delta2	0.000105771096371498	0.000586101059487397	0.000472589792060492
ccomisiones_mantenimiento_max6	0.000105671846846566	0.00177631951765603	0.000945179584120983
vmr_mconsumospesos_max6	0.000104886137559329	0.00274927409216844	0.00189035916824197
mcomisiones_mantenimiento_rank_delta3	0.000104614124954523	0.00226989214348735	0.00141776937618147
Visa_mpagominimo_rank	0.000103435478214989	0.00117556813956616	0.00141776937618147
Master_mpagospesos_rank_delta3	0.000103351454606824	0.00391680553140793	0.00189035916824197
Visa_mpagominimo_rank_lag3	0.0001031529350059	0.000319252099689824	0.00141776937618147
vm_cconsumos	0.000103105094558888	0.00167582664171819	0.00141776937618147
vm_status05_delta2	0.000102371970595464	0.00110976916101752	0.000472589792060492
Visa_cconsumos_delta2	0.000102288758149676	0.00151108030652529	0.00141776937618147
Visa_msaldopesos_rank_lag3	0.000102138672558697	0.000243196493101913	0.00141776937618147
ctarjeta_debito_transacciones_delta3	0.000101952499308542	0.00129540007835301	0.00141776937618147
Master_msaldototal_rank_lag2	0.00010177221575005	0.00253705221431156	0.000945179584120983
Master_Fvencimiento_lag2	0.000101696092210647	0.000520420503845673	0.000945179584120983
cproductos_min6	0.000101248818967886	0.000645174018357048	0.000945179584120983
vmr_mconsumospesos_ratioavg6	0.000100362899091499	0.000697506907372318	0.00141776937618147
mtransferencias_recibidas_rank_delta2	0.000100054321317623	0.000406196592209843	0.00141776937618147
ccajas_consultas_delta1	9.99622163078229e-05	0.000642123123128144	0.000472589792060492
rf_008_030	9.97114547066565e-05	0.000320412242743973	0.000472589792060492
vmr_mconsumospesos_tend6	9.9559526773704e-05	0.00193211990545733	0.000945179584120983
ccaja_ahorro_delta3	9.93734599055008e-05	0.00065081817453052	0.000472589792060492
numero_de_cliente	9.82181325732262e-05	0.000520292045099192	0.00141776937618147
chomebanking_transacciones_ratiomax6	9.81963073488275e-05	0.000755969687196188	0.00141776937618147
cmobile_app_trx_max6	9.79496487060974e-05	0.000525518710346604	0.000945179584120983
vmr_msaldopesos2_ratioavg6	9.77744207080591e-05	0.00101742739397742	0.000945179584120983
mcaja_ahorro_dolares_rank_ratioavg6	9.76677196109991e-05	0.00164687525173022	0.00141776937618147
vmr_Master_mlimitecompra_delta2	9.73850071578964e-05	0.00133694042549603	0.000472589792060492
Visa_fechaalta_ratioavg6	9.71444582240458e-05	0.000249537136541457	0.000472589792060492
catm_trx_other_max6	9.7086842726381e-05	0.00111153747594954	0.00141776937618147
cinversion1	9.70748747568703e-05	0.00147832934767659	0.000472589792060492
mtarjeta_master_consumo_rank_tend6	9.5410180971133e-05	0.000374224414511679	0.000472589792060492
Master_cconsumos_max6	9.48435834456928e-05	0.000595542777353689	0.000945179584120983
vm_fechaalta_lag2	9.48080591273047e-05	0.000152950209363771	0.000945179584120983
vm_status01_max6	9.47806899525852e-05	0.000755411694516165	0.000945179584120983
mcuenta_debitos_automaticos_rank_lag1	9.43811290149404e-05	0.000315980415990407	0.000472589792060492
ctrx_quarter_lag1	9.42419669161327e-05	0.000502315849263625	0.00141776937618147
mactivos_margen_rank_tend6	9.36001186668437e-05	0.000788050251961695	0.00141776937618147
Visa_mfinanciacion_limite_rank_delta3	9.28159603800999e-05	0.000430804470832449	0.00141776937618147
Master_mfinanciacion_limite_rank_delta1	9.15490190388368e-05	0.000156737735217022	0.000945179584120983
vm_mlimitecompra_rank_delta2	9.13435495533965e-05	0.000774523947390917	0.00141776937618147
Master_fechaalta_max6	9.04126494538216e-05	0.000256134697473962	0.00141776937618147
ccajas_extracciones_tend6	9.02351245727459e-05	0.00279321701930422	0.00141776937618147
Master_fechaalta_lag2	8.9780414264487e-05	0.000748021302257728	0.000945179584120983
ccomisiones_otras_tend6	8.95105305075912e-05	0.000331788870479123	0.00141776937618147
mpasivos_margen_rank_delta3	8.93358223304509e-05	0.000223955781480681	0.000945179584120983
mautoservicio_rank_avg6	8.87238746627657e-05	0.00162734350076149	0.000945179584120983
Visa_mpagospesos_rank_delta2	8.84761860493261e-05	0.000152416302698713	0.000945179584120983
ccomisiones_mantenimiento_lag3	8.83095145450451e-05	0.000804348455421366	0.000472589792060492
vm_fechaalta_lag3	8.82832611719275e-05	0.00161336959774595	0.00141776937618147
mcomisiones_rank_max6	8.78714626832365e-05	0.00115474377246097	0.000945179584120983
ccallcenter_transacciones_avg6	8.77671261668192e-05	0.000319543139037318	0.000945179584120983
mcuentas_saldo_rank_avg6	8.76432927400717e-05	0.00161235196361368	0.000945179584120983
vmr_msaldodolares_ratiomax6	8.754101132953e-05	0.000351384850821089	0.000945179584120983
mpayroll_sobre_edad_rank_lag2	8.75353634150295e-05	0.000157317806744097	0.000472589792060492
vm_msaldototal_rank_delta1	8.7419068600188e-05	0.000553133326504011	0.000945179584120983
rf_007_042	8.72039062683298e-05	0.0012485347147348	0.000472589792060492
cproductos_ratiomax6	8.65370461716492e-05	0.00143171688721551	0.000472589792060492
vm_Fvencimiento_lag2	8.64425596568049e-05	0.000162080816203431	0.000945179584120983
mcaja_ahorro_rank_lag2	8.63028994970439e-05	0.000319324357734719	0.000945179584120983
cdescubierto_preacordado_delta2	8.55503003832341e-05	0.00269775812049407	0.000945179584120983
catm_trx_tend6	8.51115014299955e-05	0.000448648193585709	0.000945179584120983
ccheques_depositados_ratioavg6	8.50906578208739e-05	0.00111981302925794	0.000472589792060492
vm_fechaalta_min6	8.50469904476752e-05	0.000697707624163693	0.000945179584120983
vmr_msaldototal_lag2	8.36089796755574e-05	0.000276776412298993	0.000945179584120983
mextraccion_autoservicio_rank_delta2	8.35002960057704e-05	0.00203030052395854	0.000945179584120983
vmr_msaldopesos2_avg6	8.26447022387915e-05	0.000187164393621597	0.000945179584120983
mcuentas_saldo_rank_lag2	8.26001487522948e-05	0.00134322486823399	0.00141776937618147
vmr_mpagominimo_ratioavg6	8.25032057814863e-05	0.00174360870216561	0.00141776937618147
thomebanking	8.24003839989879e-05	0.000455962313463424	0.000945179584120983
mcomisiones_rank_lag2	8.20834624952575e-05	0.000261389463072166	0.000945179584120983
vm_status04_ratioavg6	8.20521475172569e-05	0.000488594849405212	0.000472589792060492
mcomisiones_mantenimiento_rank_ratiomax6	8.18199229710882e-05	0.00110825174207472	0.000945179584120983
Visa_mconsumototal_rank_delta2	8.14365054945389e-05	0.000277244082422897	0.000945179584120983
vm_msaldototal_rank_delta3	8.13005106765512e-05	0.000271453402991721	0.000945179584120983
vm_cconsumos_delta1	8.10603244084433e-05	0.00150020948510441	0.000945179584120983
vmr_mconsumototal_tend6	8.09973656355021e-05	0.000174280382783219	0.000945179584120983
mactivos_margen_rank_max6	8.08073747239623e-05	0.000730004963063885	0.00141776937618147
Master_fechaalta_ratioavg6	8.07196579696494e-05	0.000518630110066605	0.000945179584120983
mextraccion_autoservicio_rank_delta3	8.05246743597177e-05	0.00247256592357852	0.00141776937618147
vm_fechaalta_avg6	8.05108326172028e-05	0.000658822760170565	0.000945179584120983
mcuenta_corriente_rank_ratiomax6	8.02541861599173e-05	0.000334580841047152	0.000945179584120983
ctarjeta_visa_debitos_automaticos_avg6	8.01051257041042e-05	0.00133182415448388	0.000945179584120983
mtransferencias_recibidas_rank_lag1	7.93235447619056e-05	0.000694381746930605	0.000945179584120983
mcomisiones_mantenimiento_rank_lag1	7.93232497937681e-05	0.00304865522951211	0.00141776937618147
Visa_cconsumos_avg6	7.92741750743451e-05	0.000268292113527561	0.00141776937618147
ccajas_consultas_tend6	7.91689451913149e-05	0.00222122635025051	0.000945179584120983
rf_029_033	7.90663809014938e-05	0.00233034603388167	0.000945179584120983
Master_mpagospesos_rank_lag1	7.90421463676775e-05	0.0027869225407267	0.00141776937618147
mcaja_ahorro_rank_max6	7.90381896844241e-05	0.0016279436439677	0.00141776937618147
Master_Fvencimiento_ratioavg6	7.89972930775001e-05	0.000183607692078427	0.000945179584120983
ccajas_depositos_ratioavg6	7.89459057595241e-05	0.00248657796278442	0.000945179584120983
rf_016_029	7.87499985608343e-05	0.00110629475335882	0.000945179584120983
vm_Fvencimiento	7.84512925484764e-05	0.000294280923674829	0.000945179584120983
vmr_mconsumosdolares_ratiomax6	7.77285408252949e-05	0.000346210371939435	0.000945179584120983
Visa_mlimitecompra_rank_delta3	7.75724059697265e-05	0.000298130671733406	0.000945179584120983
ctarjeta_visa_transacciones_lag3	7.74485435297196e-05	0.000121576167703905	0.000945179584120983
mtarjeta_visa_consumo_rank_min6	7.73655438478341e-05	0.000103593950364596	0.000472589792060492
vmr_mpagado_max6	7.73073432494377e-05	0.000152883972822617	0.000945179584120983
vmr_msaldototal_ratioavg6	7.72285843389707e-05	0.000467152274582594	0.000945179584120983
Master_Fvencimiento_lag3	7.70774216307354e-05	0.0029027040146636	0.00141776937618147
vmr_mconsumototal_avg6	7.69040081702967e-05	0.000324633316866595	0.000945179584120983
mextraccion_autoservicio_rank_ratiomax6	7.6800655686928e-05	0.00020028123593797	0.000945179584120983
mcuenta_debitos_automaticos_rank_lag3	7.66152150215739e-05	0.000400879604406312	0.000945179584120983
cpagodeservicios_ratioavg6	7.6594284372674e-05	0.00207433778798627	0.000945179584120983
ctrx_quarter_normalizado_delta2	7.6268593611284e-05	0.000193033352601409	0.000945179584120983
ctarjeta_debito_tend6	7.60915450312171e-05	0.00201936748033233	0.000945179584120983
mtransferencias_emitidas_rank_lag1	7.60912041254189e-05	0.000481409188273978	0.000472589792060492
thomebanking_delta3	7.60361224524102e-05	0.00102251355747087	0.000472589792060492
ctransferencias_recibidas_ratioavg6	7.59673054188377e-05	0.00170763423164742	0.00141776937618147
ccaja_seguridad_ratioavg6	7.54140588282739e-05	0.00249907659738336	0.000945179584120983
vmr_msaldopesos2_lag3	7.53021039134873e-05	0.00015474662464658	0.000945179584120983
cforex_ratiomax6	7.50639751690266e-05	0.000118465057437589	0.000472589792060492
mpasivos_margen_rank_min6	7.47245393759863e-05	0.000159788630445926	0.000945179584120983
Visa_mconsumototal_rank_delta1	7.46237739082493e-05	0.000340166789351126	0.00141776937618147
tcallcenter_avg6	7.44201612714118e-05	0.000253681938283356	0.000472589792060492
mpasivos_margen_rank_ratioavg6	7.42708735450666e-05	4.62070125424972e-05	0.000472589792060492
Master_Fvencimiento_avg6	7.39061261009541e-05	0.000512949824870686	0.000945179584120983
Visa_mconsumototal_rank_lag1	7.38206989763637e-05	7.03733142240778e-05	0.000472589792060492
Visa_Fvencimiento_lag2	7.37302815711531e-05	0.000329982419356745	0.000945179584120983
vm_Fvencimiento_tend6	7.35632232234132e-05	0.000363927643114128	0.000945179584120983
ccajeros_propios_descuentos_max6	7.33500096154793e-05	0.00200627070969509	0.000945179584120983
Visa_Fvencimiento_lag1	7.29849164300254e-05	0.000137470930412912	0.000945179584120983
mrentabilidad_rank_max6	7.28079428008787e-05	0.000838891815217047	0.000472589792060492
cprestamos_personales_lag1	7.27450227122833e-05	0.000426529203176156	0.000945179584120983
mttarjeta_visa_debitos_automaticos_rank_min6	7.25877563395976e-05	6.92131711699289e-05	0.000472589792060492
mrentabilidad_rank_lag1	7.24240175922896e-05	0.000267513332377025	0.000945179584120983
Master_msaldodolares_rank_delta3	7.23447412786963e-05	0.000166028915489783	0.000472589792060492
mcuenta_debitos_automaticos_rank_delta2	7.20409676170264e-05	0.00129661441494083	0.000945179584120983
vmr_Master_mlimitecompra_max6	7.20264343918286e-05	0.00219628126741839	0.00141776937618147
tcuentas_lag3	7.18468737470503e-05	0.00129200595741086	0.000472589792060492
ccajas_consultas_delta2	7.16867737460278e-05	0.00177794532366617	0.000945179584120983
mtransferencias_emitidas_rank_tend6	7.15874855367496e-05	0.000246143015599302	0.000945179584120983
cliente_edad_avg6	7.13779058395581e-05	0.000249348462757564	0.000945179584120983
rf_033_038	7.1373193602674e-05	0.000508951546386491	0.000472589792060492
cmobile_app_trx_min6	7.11813119937287e-05	0.00059567725760391	0.000945179584120983
Visa_mconsumospesos_rank_delta3	7.09461619439017e-05	0.00111293847915334	0.000945179584120983
mpasivos_margen_rank_avg6	7.0668536482284e-05	0.000364513736144944	0.000945179584120983
Visa_mpagospesos_rank_lag1	7.04460434668791e-05	0.00168156312761569	0.000945179584120983
Master_mconsumototal_rank_delta2	7.03761614049088e-05	0.00276103810331094	0.00141776937618147
cprestamos_personales_ratiomax6	7.02182845448894e-05	0.00108354952656017	0.000945179584120983
mrentabilidad_rank_ratioavg6	6.99278207159784e-05	0.00100437076669846	0.000945179584120983
vm_cconsumos_avg6	6.98770281698205e-05	0.000196710484219404	0.000945179584120983
vmr_mpagospesos_lag3	6.97994334163877e-05	0.00165042392460173	0.00141776937618147
ctarjeta_visa_transacciones	6.96900667261185e-05	0.000104310509309806	0.000472589792060492
ctransferencias_recibidas_lag2	6.95493475823886e-05	0.000468649621846253	0.000945179584120983
mttarjeta_visa_debitos_automaticos_rank_lag2	6.94812897291043e-05	0.000222424312362488	0.000945179584120983
vm_fultimo_cierre_avg6	6.92378080382806e-05	0.00017600855435696	0.000945179584120983
ctarjeta_debito_transacciones_ratiomax6	6.88469317362889e-05	0.000229836783467976	0.000945179584120983
Master_Fvencimiento_max6	6.86413292734095e-05	0.0016632336702273	0.00141776937618147
Master_Fvencimiento_tend6	6.86012450377493e-05	0.00012314577301246	0.000945179584120983
Visa_Fvencimiento_max6	6.85169615191344e-05	0.000211138007183457	0.000945179584120983
vmr_Master_mlimitecompra_avg6	6.84543992607385e-05	0.000595171451289645	0.000945179584120983
Visa_mconsumospesos_rank_lag1	6.8303789013318e-05	0.00115874004377726	0.000945179584120983
Visa_fechaalta_lag3	6.81698831500086e-05	0.00014427924397636	0.000472589792060492
vm_fultimo_cierre_lag1	6.80013233660937e-05	0.000215106178148946	0.000945179584120983
cextraccion_autoservicio_max6	6.76202317858413e-05	0.00102334452498716	0.000945179584120983
cpayroll_trx_avg6	6.74712317743186e-05	0.00173090533643947	0.000945179584120983
mpagomiscuentas_rank_max6	6.69676607194249e-05	0.00122710217575175	0.000945179584120983
Master_fechaalta_lag1	6.67903606911098e-05	0.000252315056934091	0.000945179584120983
mpayroll_rank_tend6	6.6726246223335e-05	5.41774763280086e-05	0.000472589792060492
Visa_cconsumos_ratiomax6	6.66356063831355e-05	0.000211852558960753	0.000945179584120983
Master_fultimo_cierre_avg6	6.66259763987797e-05	0.000903115166953387	0.000945179584120983
ccomisiones_otras_ratioavg6	6.59915458728157e-05	0.000722897581481288	0.000945179584120983
Visa_msaldopesos_rank_delta3	6.5878691546987e-05	0.000166633073031822	0.000472589792060492
ccomisiones_otras_delta3	6.55802176407045e-05	0.000167730993880645	0.000472589792060492
ctarjeta_debito_avg6	6.54819642376789e-05	0.000441468553958216	0.000945179584120983
ctarjeta_visa_transacciones_delta2	6.50132187651756e-05	0.0018399186401712	0.000945179584120983
vm_mfinanciacion_limite_rank_delta3	6.47722104547175e-05	0.000158953648593805	0.000945179584120983
catm_trx_max6	6.43610248711318e-05	0.000147185623115474	0.00141776937618147
mcomisiones_rank_lag1	6.43095335889762e-05	0.000119892153824267	0.000945179584120983
vm_fultimo_cierre_ratioavg6	6.42673700697242e-05	0.000366747714032951	0.000945179584120983
vmr_mpagospesos_max6	6.36381909437152e-05	0.000585553102646942	0.000945179584120983
vmr_mpagominimo_lag1	6.28903379155922e-05	0.000612246428731938	0.000945179584120983
vm_mlimitecompra_rank_delta3	6.27756509188769e-05	0.0013230126873425	0.000945179584120983
rf_029_031	6.25993131636658e-05	0.000172714791810492	0.000472589792060492
mtransferencias_emitidas_rank_delta2	6.23498208925989e-05	0.00215657547174854	0.000945179584120983
cpayroll_trx_tend6	6.17872876412491e-05	0.00166338220065292	0.000945179584120983
rf_012_031	6.14514712523215e-05	0.00167946965148165	0.000945179584120983
mrentabilidad_annual_rank_delta3	6.12278805686018e-05	0.000131674229477994	0.000472589792060492
ccajas_consultas_ratiomax6	6.10116205684289e-05	0.000886732662441339	0.000472589792060492
Visa_mconsumototal_rank_delta3	6.09420975455439e-05	0.00130010287277493	0.000945179584120983
mforex_buy_rank_max6	6.07830009197431e-05	0.000479620801662825	0.000472589792060492
chomebanking_transacciones_lag3	6.06558116259894e-05	0.000488372053766786	0.000945179584120983
Visa_fultimo_cierre_min6	6.0173403326071e-05	0.00140201883076363	0.000945179584120983
mpagomiscuentas_rank_delta3	6.01192790906231e-05	0.000680921678900981	0.000472589792060492
mcaja_ahorro_rank_tend6	5.99733677823428e-05	0.0011400794036831	0.000945179584120983
vmr_msaldopesos	5.9843392006799e-05	7.51704455379464e-05	0.000472589792060492
mplazo_fijo_dolares_rank_ratiomax6	5.96125770214837e-05	0.000741963669494023	0.000472589792060492
Master_msaldopesos_rank_delta3	5.94803224961896e-05	0.000593678118361813	0.000945179584120983
Visa_mconsumosdolares_rank_delta3	5.9422946357915e-05	0.00103220416415847	0.000945179584120983
rf_035_050	5.92939630776205e-05	0.00145082713292235	0.000472589792060492
Visa_mconsumospesos_rank_delta2	5.91904776168128e-05	0.000597760697898385	0.000945179584120983
mtarjeta_visa_consumo_rank_max6	5.89455766940492e-05	0.00299769122901402	0.00141776937618147
cpagomiscuentas_tend6	5.8925997579484e-05	0.00171891050098688	0.000945179584120983
mpayroll_rank_max6	5.89234008927659e-05	0.000191652421076748	0.000472589792060492
Visa_Fvencimiento_ratioavg6	5.87536322230418e-05	0.000185111060845828	0.000945179584120983
chomebanking_transacciones_delta3	5.86939809616744e-05	0.000368042337337321	0.000945179584120983
rf_010_042	5.86820855253123e-05	0.000306263716119931	0.000945179584120983
rf_017_033	5.86363775528678e-05	0.00147832934767659	0.000472589792060492
mtransferencias_recibidas_rank_min6	5.77722369632181e-05	0.000377146850994102	0.000945179584120983
chomebanking_transacciones_ratioavg6	5.77226653917275e-05	0.00168765688940184	0.000945179584120983
mcuentas_saldo_rank_max6	5.7474140229308e-05	5.87437833317956e-05	0.000472589792060492
mtransferencias_recibidas_rank_delta3	5.69669739480179e-05	0.000574062066340709	0.000945179584120983
mextraccion_autoservicio_rank_lag3	5.68235904199646e-05	9.4023773751824e-05	0.000472589792060492
vm_msaldopesos_rank_lag3	5.6596895317487e-05	6.49680110323422e-05	0.000472589792060492
ctrx_quarter_lag3	5.60177205440883e-05	0.000918124768612429	0.000945179584120983
tcallcenter_max6	5.58767717120546e-05	6.8522705407598e-05	0.000472589792060492
Visa_msaldopesos_rank_delta1	5.58609304724113e-05	0.000730446540004911	0.000945179584120983
mextraccion_autoservicio_rank_tend6	5.584424059493e-05	0.00169515165439179	0.000945179584120983
Visa_mpagado_rank	5.57619710800732e-05	0.000585258048963621	0.000472589792060492
Master_mpagominimo_rank_lag1	5.541084777903e-05	0.000115925990026692	0.000472589792060492
mrentabilidad_rank_avg6	5.52546839102022e-05	0.00126581843764013	0.000945179584120983
ccuenta_debitos_automaticos	5.52474402664337e-05	0.000691110063231189	0.000472589792060492
rf_036_040	5.52170440416481e-05	0.000483687323856087	0.000472589792060492
vmr_msaldototal_tend6	5.51293804783107e-05	8.38634897724087e-05	0.000472589792060492
mtarjeta_master_consumo_rank_delta1	5.51078502220495e-05	0.00233412151672743	0.000945179584120983
cprestamos_personales_lag3	5.43657224771187e-05	0.00033061066291375	0.000472589792060492
cmobile_app_trx	5.40557786622789e-05	8.32974684207304e-05	0.000472589792060492
mtransferencias_recibidas_rank_lag3	5.38120962964109e-05	0.000248963086518124	0.000945179584120983
ccaja_ahorro_max6	5.34793964150993e-05	0.000656251578073048	0.000472589792060492
cseguro_accidentes_personales_max6	5.34521432934175e-05	0.000225828469144212	0.000472589792060492
ctarjeta_visa_debitos_automaticos_lag2	5.3447883179826e-05	5.44584798359339e-05	0.000472589792060492
cprestamos_prendarios_max6	5.32220826528472e-05	0.00143037810621704	0.000472589792060492
Visa_msaldopesos_rank_delta2	5.28738800199189e-05	0.000619763272568941	0.000472589792060492
Master_mlimitecompra_rank_delta1	5.28525794519614e-05	0.000312995757302657	0.000472589792060492
mcaja_ahorro_dolares_rank_tend6	5.28501350848553e-05	0.000837840059230241	0.000945179584120983
Visa_fultimo_cierre_max6	5.25556770972308e-05	0.000223682806644411	0.000472589792060492
cprestamos_personales_min6	5.23633627071658e-05	0.000148823472133096	0.000472589792060492
mcaja_ahorro_dolares_rank_avg6	5.22593163233427e-05	0.00016189816392328	0.000945179584120983
ctarjeta_visa_debitos_automaticos_lag3	5.22277112127479e-05	0.00036955574194429	0.000472589792060492
vmr_msaldopesos2_lag2	5.21274268815629e-05	0.000146119816953271	0.000472589792060492
vmr_mconsumospesos_lag1	5.19777934138762e-05	0.000152757521244051	0.000945179584120983
mrentabilidad_annual_rank_min6	5.17478548707726e-05	0.00116101215785562	0.000945179584120983
vmr_msaldodolares_max6	5.16982941792543e-05	0.00106489892230558	0.000945179584120983
Visa_msaldototal_rank_delta1	5.16243321276781e-05	0.00149379457645205	0.000945179584120983
Master_mconsumototal_rank_lag3	5.15407932827216e-05	0.000839044359978492	0.000472589792060492
mautoservicio_rank	5.13241391857749e-05	0.00140577624909818	0.000945179584120983
mpayroll_rank_min6	5.12329529291897e-05	7.68464307459298e-05	0.000472589792060492
Visa_mfinanciacion_limite_rank_lag1	5.12042878288828e-05	9.14224841356007e-05	0.000472589792060492
ccajas_transacciones_avg6	5.08110517817915e-05	0.000774640363129914	0.000472589792060492
ctarjeta_visa_debitos_automaticos_ratiomax6	5.07526287484063e-05	0.000138392220485324	0.000472589792060492
mcheques_depositados_rank_ratiomax6	5.05458512485204e-05	0.000252180576683869	0.000472589792060492
ctarjeta_debito_lag2	5.02275032595352e-05	0.000142613294607946	0.000472589792060492
Visa_mconsumospesos_rank	5.00058951485426e-05	8.58586146786787e-05	0.000472589792060492
cseguro_vivienda_ratioavg6	4.99995219025567e-05	0.000326255108540907	0.000472589792060492
mcaja_ahorro_dolares_rank_lag1	4.99463357624967e-05	0.000115313803812997	0.000472589792060492
ccuenta_debitos_automaticos_avg6	4.98262522995292e-05	0.000972864251956288	0.000945179584120983
cliente_edad_ratioavg6	4.96333794042204e-05	0.000223012412561217	0.000472589792060492
mcomisiones_mantenimiento_rank_delta1	4.9536346975862e-05	0.00272432700216841	0.000945179584120983
ccajas_extracciones_max6	4.9524596605797e-05	0.00192410729114563	0.000945179584120983
mtransferencias_recibidas_rank_ratiomax6	4.92559036014232e-05	0.00031312020171331	0.000945179584120983
vm_mconsumospesos_rank_delta2	4.92003323296617e-05	0.000253392906103776	0.000472589792060492
cproductos_lag3	4.91143612064572e-05	0.000524396703482816	0.000472589792060492
vm_msaldopesos_rank_delta1	4.90936118904287e-05	0.000938445336571259	0.000472589792060492
mpayroll_sobre_edad_rank_delta3	4.90711701342674e-05	0.000208127255312828	0.000472589792060492
Visa_fultimo_cierre_ratiomax6	4.90295264359134e-05	0.000122878819679931	0.000472589792060492
vmr_mpagospesos_delta2	4.89067399042766e-05	0.00143862154483882	0.000945179584120983
Master_mconsumototal_rank_delta1	4.88160130242989e-05	5.41393401376473e-05	0.000472589792060492
ctransferencias_recibidas_tend6	4.87693040944044e-05	0.00172083136068034	0.000945179584120983
mcaja_ahorro_dolares_rank_max6	4.87566857443283e-05	0.000152466481896557	0.000472589792060492
Visa_Finiciomora_avg6	4.86477167774903e-05	0.0014671514295649	0.000472589792060492
vmr_mpagominimo_tend6	4.86230458358969e-05	0.000665183475289247	0.000945179584120983
Visa_cconsumos_lag3	4.85693809770565e-05	0.000472934925342115	0.000472589792060492
mcomisiones_otras_rank_delta2	4.79708229285936e-05	0.000181468051082367	0.000945179584120983
Visa_delinquency_max6	4.78479179261476e-05	0.00045328073713065	0.000472589792060492
Master_cconsumos_tend6	4.7750481729929e-05	0.000421537376574654	0.000472589792060492
Visa_mconsumosdolares_rank_lag3	4.76477977604128e-05	0.00218827467461043	0.000945179584120983
mextraccion_autoservicio_rank_delta1	4.73050073092521e-05	0.000465135070829273	0.000472589792060492
vm_status06_ratioavg6	4.72196406289522e-05	0.00146341609007741	0.000472589792060492
ctarjeta_debito_transacciones_tend6	4.69076997347556e-05	0.00132014243722584	0.000945179584120983
mtarjeta_master_consumo_rank_delta2	4.67886196470097e-05	0.000550776911373266	0.000472589792060492
ctarjeta_debito_transacciones_delta2	4.67655202569682e-05	0.00147832934767659	0.000472589792060492
rf_008_038	4.62979183904404e-05	7.14611992333317e-05	0.000472589792060492
vmr_mpagominimo_ratiomax6	4.62737297942849e-05	0.000140222757622666	0.000945179584120983
cliente_antiguedad_max6	4.62541035331731e-05	0.00017409371616724	0.000472589792060492
vm_mconsumosdolares_rank_lag3	4.59042858288038e-05	0.000263880358453133	0.000472589792060492
vmr_msaldototal_lag1	4.57365214917513e-05	8.32753895736792e-05	0.000472589792060492
ccomisiones_otras_lag1	4.56072142300599e-05	0.00010366018690575	0.000472589792060492
vmr_mpagado_tend6	4.5432249769128e-05	0.000129434230086246	0.000472589792060492
rf_003_030	4.53985750460279e-05	0.000140012004991722	0.000472589792060492
vmr_mconsumototal_max6	4.53777000058753e-05	6.76897307233907e-05	0.000472589792060492
mcomisiones_otras_rank_min6	4.52599932124086e-05	0.00115164470520214	0.000945179584120983
rf_025_039	4.52022664972494e-05	0.000202904604401244	0.000472589792060492
vm_mpagospesos_rank_delta3	4.5007921179025e-05	0.000169762247809362	0.000472589792060492
ctrx_quarter_delta3	4.49508666043757e-05	6.03053599686951e-05	0.000472589792060492
Visa_Finiciomora_lag2	4.47901573249055e-05	0.00147376504784072	0.000472589792060492
vmr_mpagominimo	4.47836148349063e-05	0.00243604550338779	0.000945179584120983
vm_Finiciomora_avg6	4.47275467110773e-05	0.000755068468802913	0.000472589792060492
vm_Fvencimiento_lag1	4.47066329865788e-05	0.000174497156917905	0.000472589792060492
ctarjeta_visa_transacciones_min6	4.4651469109335e-05	0.000648008139451267	0.000472589792060492
vmr_msaldopesos_lag1	4.43520909564672e-05	0.000315366222608799	0.000472589792060492
mtransferencias_emitidas_rank_delta1	4.42944125967404e-05	0.00143796319376311	0.000472589792060492
vmr_mconsumospesos_avg6	4.39589854690433e-05	6.99799093129823e-05	0.000472589792060492
minversion2_rank_min6	4.39292807269406e-05	0.00147832934767659	0.000472589792060492
vmr_mconsumospesos_lag2	4.38443347389022e-05	8.04412684794606e-05	0.000472589792060492
cliente_antiguedad_lag1	4.34931630824266e-05	0.000133974443907155	0.000472589792060492
cforex_buy_ratiomax6	4.34747880181273e-05	0.000420441462893745	0.000472589792060492
rf_036_033	4.3156029007967e-05	0.00128334703503093	0.000472589792060492
Visa_mpagominimo_rank_delta2	4.31541056706447e-05	0.00143766412574396	0.000945179584120983
Visa_Fvencimiento_ratiomax6	4.28637010771383e-05	0.000201164389820021	0.000472589792060492
vm_msaldototal_rank_lag3	4.27428415094813e-05	4.76722451195366e-05	0.000472589792060492
vm_mpagado_rank_lag3	4.24608906544385e-05	0.000493341801521237	0.000472589792060492
vm_mpagospesos_rank_lag1	4.2363294885293e-05	6.01809155580424e-05	0.000472589792060492
mttarjeta_visa_debitos_automaticos_rank_delta3	4.2288856532708e-05	0.00027274200479235	0.000472589792060492
Master_Finiciomora_lag1	4.221727477729e-05	0.00295665869535318	0.000945179584120983
Master_mpagospesos_rank_lag3	4.21529197412391e-05	8.32613393982829e-05	0.000472589792060492
rf_028_030	4.21107586397587e-05	7.44197647382029e-05	0.000472589792060492
mcomisiones_rank_delta3	4.16738624727837e-05	0.000177226905280608	0.000472589792060492
ctarjeta_visa_transacciones_max6	4.14325543586449e-05	0.000128252008185046	0.000472589792060492
vm_mconsumospesos_rank_lag3	4.13775887386739e-05	0.000305595329204652	0.000472589792060492
rf_034_042	4.13443588855516e-05	0.000381703122158321	0.000472589792060492
tcuentas_avg6	4.12160356569088e-05	0.00267189174758954	0.000945179584120983
Master_mpagospesos_rank_lag2	4.11978177477647e-05	0.00010144025919314	0.000472589792060492
matm_rank_delta3	4.10919737507434e-05	0.00265737791640519	0.000945179584120983
cplazo_fijo_delta2	4.10749949495537e-05	0.00123211407403239	0.000472589792060492
cforex_tend6	4.10522751496563e-05	0.00290437999987158	0.000945179584120983
Visa_mconsumosdolares_rank_lag2	4.10433414835266e-05	0.000655838101482815	0.000472589792060492
mautoservicio_rank_delta2	4.04843466409402e-05	0.00277820541047727	0.000945179584120983
ccajas_extracciones_ratioavg6	4.04118533856221e-05	0.000711322244122677	0.000472589792060492
Visa_mconsumosdolares_rank_delta1	4.01864820131055e-05	0.00287854574165367	0.000945179584120983
vmr_Master_mlimitecompra_lag3	4.01091338723777e-05	0.000121802977678159	0.000472589792060492
ctrx_quarter_normalizado_max6	3.9899150407326e-05	5.88441417274832e-05	0.000472589792060492
mttarjeta_visa_debitos_automaticos_rank_delta2	3.98760389284264e-05	0.000195807258658215	0.000472589792060492
ccajeros_propios_descuentos_delta1	3.98272676393415e-05	0.000161759669337231	0.000472589792060492
vm_msaldototal_rank_delta2	3.98046542213953e-05	9.90115860174991e-05	0.000472589792060492
ctransferencias_recibidas_ratiomax6	3.96627818006034e-05	6.48275092783796e-05	0.000472589792060492
Master_mconsumospesos_rank_lag3	3.96501960904442e-05	0.0027295657104233	0.000945179584120983
mautoservicio_rank_delta3	3.95848860346042e-05	6.31414882308274e-05	0.000472589792060492
ctarjeta_debito_max6	3.95621952479662e-05	6.27420618159907e-05	0.000472589792060492
mcheques_depositados_rank_max6	3.94872539988845e-05	0.00103192717498637	0.000472589792060492
vmr_Visa_mlimitecompra	3.94370949088907e-05	5.45327450487428e-05	0.000472589792060492
mforex_sell_rank_max6	3.93845664027109e-05	0.000243029898165071	0.000472589792060492
rf_019_027	3.93782777787316e-05	0.000193970700017132	0.000472589792060492
Master_mlimitecompra_rank_lag3	3.93398327922286e-05	5.95305931539866e-05	0.000472589792060492
mcaja_ahorro_dolares_rank_lag3	3.92845311020026e-05	0.000189205683389883	0.000472589792060492
Visa_mfinanciacion_limite_rank_lag2	3.92121406019782e-05	0.00022393370263363	0.000472589792060492
mtarjeta_visa_consumo_rank_lag3	3.9160400289346e-05	0.000552354545353475	0.000472589792060492
ccallcenter_transacciones_max6	3.91576029275836e-05	0.000281754188725099	0.000472589792060492
Visa_mlimitecompra_rank_delta1	3.90657590371182e-05	8.0989225319915e-05	0.000472589792060492
vm_fultimo_cierre_delta1	3.89612774544038e-05	0.000543173759315971	0.000472589792060492
rf_011_039	3.87035188221739e-05	0.000816570100848205	0.000472589792060492
ctransferencias_emitidas_ratiomax6	3.8644960393578e-05	7.18786901593922e-05	0.000472589792060492
chomebanking_transacciones_min6	3.85601957384111e-05	0.000100832087315273	0.000472589792060492
ctarjeta_debito_transacciones_lag1	3.85277710032377e-05	0.000144764978611488	0.000472589792060492
ctarjeta_master_descuentos_tend6	3.84925900084194e-05	0.00275641760277349	0.000945179584120983
Visa_fultimo_cierre	3.84230839099357e-05	0.00026526931864945	0.000472589792060492
Visa_mfinanciacion_limite_rank_delta2	3.82089225355275e-05	9.24441326037008e-05	0.000472589792060492
Visa_mconsumosdolares_rank_lag1	3.80290983536428e-05	6.68507345354421e-05	0.000472589792060492
rf_021_010	3.80101720374145e-05	0.00147130626714637	0.000472589792060492
vmr_msaldototal_delta1	3.80038664890339e-05	0.000874950586787611	0.000472589792060492
rf_014_030	3.7931239047391e-05	0.00106527827704128	0.000472589792060492
vm_fechaalta_lag1	3.79218145736227e-05	0.000111807281467672	0.000472589792060492
mautoservicio_rank_lag2	3.78238754809075e-05	8.19185440639824e-05	0.000472589792060492
catm_trx_other_tend6	3.7721598905909e-05	0.00147832934767659	0.000472589792060492
mcuenta_corriente_rank_lag2	3.76876243791283e-05	0.000103802695827626	0.000472589792060492
mttarjeta_master_debitos_automaticos_rank_lag1	3.75736796382997e-05	0.000822601640429031	0.000472589792060492
Master_status_tend6	3.7566646340662e-05	0.000246454126625933	0.000472589792060492
ccomisiones_mantenimiento_lag1	3.75638175478686e-05	0.000256712761833122	0.000472589792060492
vmr_msaldopesos_delta1	3.73570473012976e-05	0.000120454160840117	0.000472589792060492
mprestamos_personales_rank_lag1	3.71880958383805e-05	0.00133643060484594	0.000472589792060492
cextraccion_autoservicio_delta1	3.70692889588275e-05	0.000134257454582994	0.000472589792060492
mcaja_ahorro_dolares_rank_delta2	3.70372413960265e-05	0.000100364417191368	0.000472589792060492
rf_033_012	3.69452887058383e-05	0.00147832934767659	0.000472589792060492
Master_fultimo_cierre_lag1	3.68519433791979e-05	0.000822924794463145	0.000472589792060492
rf_017_034	3.66375982541467e-05	0.00147832934767659	0.000472589792060492
vmr_msaldototal_max6	3.64796742475808e-05	0.000116168857344256	0.000472589792060492
rf_013_028	3.62054215773707e-05	0.00263307713447339	0.000945179584120983
cprestamos_personales_max6	3.58317839870176e-05	0.000782237493683468	0.000472589792060492
cliente_edad_lag3	3.57971953462458e-05	0.000312897406074884	0.000472589792060492
mextraccion_autoservicio_rank_ratioavg6	3.57826476144183e-05	0.000117884985910514	0.000472589792060492
Master_msaldopesos_rank_delta2	3.57652299876799e-05	7.85685808159295e-05	0.000472589792060492
vmr_mconsumototal_min6	3.56017233464472e-05	0.000984987546155353	0.000472589792060492
ctarjeta_visa_transacciones_delta1	3.54100327414597e-05	0.000605670946646484	0.000472589792060492
catm_trx_ratiomax6	3.52603896026866e-05	0.000174115795014292	0.000472589792060492
mpagomiscuentas_rank_lag2	3.52370967909156e-05	0.000166476513934549	0.000472589792060492
vmr_mconsumospesos	3.52356243680001e-05	5.36837130212255e-05	0.000472589792060492
mtarjeta_visa_consumo_rank_avg6	3.51324411286447e-05	0.000326443782324799	0.000472589792060492
vm_fechaalta_ratioavg6	3.49984022878962e-05	5.27523871092443e-05	0.000472589792060492
Master_msaldopesos_rank	3.49760862558591e-05	6.16581911425643e-05	0.000472589792060492
vmr_mconsumosdolares_ratioavg6	3.48479201823715e-05	0.000527710537708422	0.000472589792060492
ctransferencias_recibidas_min6	3.46860527902961e-05	0.000632709505612645	0.000472589792060492
mcomisiones_otras_rank	3.45251712445981e-05	0.000373371368148334	0.000945179584120983
vm_status04_delta3	3.45219683016467e-05	0.00118336197257526	0.000472589792060492
rf_025_034	3.44674427161102e-05	0.00147832934767659	0.000472589792060492
cliente_antiguedad_lag3	3.43841093817413e-05	8.77493668534336e-05	0.000472589792060492
ctransferencias_emitidas_delta1	3.4311281265054e-05	0.000247295129981796	0.000472589792060492
mpayroll_rank_lag1	3.41758739655696e-05	0.00012067494931063	0.000472589792060492
ctarjeta_debito_lag3	3.40858675815341e-05	0.000370232157531225	0.000472589792060492
Visa_mlimitecompra_rank_lag2	3.38931252458927e-05	0.000175466619020247	0.000472589792060492
Visa_mconsumosdolares_rank_delta2	3.37698406533025e-05	0.000132810286517178	0.000472589792060492
cproductos	3.37484361211655e-05	8.59569659064526e-05	0.000472589792060492
Master_cconsumos_avg6	3.36882118479246e-05	0.000261220860967411	0.000472589792060492
Visa_fechaalta_max6	3.35307593068242e-05	5.63010599807588e-05	0.000472589792060492
vm_mpagominimo_rank_delta2	3.33241268732355e-05	0.000716368264257851	0.000472589792060492
ctransferencias_emitidas_min6	3.32910662641265e-05	7.68765382646361e-05	0.000472589792060492
cmobile_app_trx_delta3	3.32293018703647e-05	0.000123456884039091	0.000472589792060492
minversion1_pesos_rank_avg6	3.31889976174871e-05	0.00147832934767659	0.000472589792060492
ccajas_depositos_avg6	3.29941300605932e-05	0.00136610457528286	0.000472589792060492
mcomisiones_mantenimiento_rank_delta2	3.29326678882837e-05	0.000261162653097912	0.000472589792060492
Visa_cconsumos_lag1	3.29039810280322e-05	0.000438251063792471	0.000472589792060492
mttarjeta_visa_debitos_automaticos_rank_lag1	3.2772011799789e-05	7.71735991158715e-05	0.000472589792060492
ccajas_transacciones_delta3	3.26457170815341e-05	0.000533340643706498	0.000472589792060492
cforex_buy_tend6	3.24249817860956e-05	0.00144589752852618	0.000472589792060492
vmr_msaldodolares2_ratioavg6	3.23378743102305e-05	6.34325275783216e-05	0.000472589792060492
ccajas_transacciones_lag1	3.22635616817696e-05	0.000260010538715418	0.000472589792060492
vmr_mconsumototal	3.22149862321858e-05	7.15013425916068e-05	0.000472589792060492
mplazo_fijo_dolares_rank_delta2	3.21903189172498e-05	0.00222054592032775	0.000945179584120983
ctarjeta_debito_delta3	3.2051689937084e-05	0.00108141189273202	0.000472589792060492
Master_mpagospesos_rank_delta2	3.19964873754943e-05	0.000850246364105145	0.000472589792060492
mpayroll_sobre_edad_rank_lag1	3.19912528999406e-05	7.74465739521418e-05	0.000472589792060492
Master_mlimitecompra_rank_delta2	3.17866804077707e-05	6.21037824194174e-05	0.000472589792060492
ctarjeta_debito_transacciones_max6	3.17481725592056e-05	6.09757540518884e-05	0.000472589792060492
Master_mfinanciacion_limite_rank_delta3	3.17366929795618e-05	0.000108312802129828	0.000472589792060492
mtarjeta_master_consumo_rank_ratioavg6	3.16300958466813e-05	0.00140634026328194	0.000472589792060492
mtarjeta_visa_consumo_rank_tend6	3.15555970498058e-05	0.000149044260603609	0.000472589792060492
Master_Fvencimiento	3.14843791690163e-05	0.000103230652972207	0.000472589792060492
Visa_msaldopesos_rank_lag1	3.14709049277874e-05	7.37714495020609e-05	0.000472589792060492
Master_mlimitecompra_rank	3.14370198585566e-05	8.093302461833e-05	0.000472589792060492
vm_Fvencimiento_ratioavg6	3.1430561990564e-05	7.39099440881098e-05	0.000472589792060492
cpagomiscuentas_lag2	3.12921880853039e-05	6.86230638032856e-05	0.000472589792060492
cextraccion_autoservicio_avg6	3.12547996649981e-05	0.000101598825458326	0.000472589792060492
mpasivos_margen_rank_ratiomax6	3.12518112992778e-05	0.000136678099086979	0.000472589792060492
vmr_msaldopesos2_lag1	3.11963911382425e-05	8.60031307684689e-05	0.000472589792060492
vmr_msaldodolares_ratioavg6	3.11881344481659e-05	5.0978050673487e-05	0.000472589792060492
rf_022_036	3.10727825642555e-05	0.000663543619103711	0.000472589792060492
Master_fultimo_cierre_tend6	3.10540738474729e-05	6.01548223751636e-05	0.000472589792060492
ctarjeta_debito_transacciones_lag2	3.10538103103665e-05	0.000256281220731666	0.000472589792060492
cliente_antiguedad_avg6	3.09177453770019e-05	0.000638644701133611	0.000472589792060492
ctarjeta_master_transacciones_ratioavg6	3.07981478861297e-05	0.000141991072554682	0.000472589792060492
ctransferencias_recibidas_max6	3.07781625859326e-05	0.000644895022017036	0.000472589792060492
vm_mconsumototal_rank_lag3	3.06251321491222e-05	6.03033528007813e-05	0.000472589792060492
vm_status05_ratiomax6	3.05936866114542e-05	0.000200694712528203	0.000472589792060492
ctransferencias_emitidas_lag1	3.04327887457977e-05	0.000387596167153098	0.000472589792060492
Master_msaldototal_rank_delta3	3.04013238659568e-05	0.00011957301412598	0.000472589792060492
mprestamos_personales_rank_lag3	3.03657173433337e-05	0.000107170723586903	0.000472589792060492
vm_cconsumos_max6	3.0361952872924e-05	0.00243066428621102	0.000945179584120983
mextraccion_autoservicio_rank_lag2	3.01812123555959e-05	0.000152510639590659	0.000472589792060492
vmr_mpagado_ratiomax6	3.01454921977067e-05	7.28501594296485e-05	0.000472589792060492
mcuenta_debitos_automaticos_rank_delta3	3.01317084817106e-05	0.00020757729130446	0.000472589792060492
catm_trx_other_lag1	3.00463563080404e-05	0.000397284766672782	0.000472589792060492
vmr_mconsumosdolares_min6	2.99861900613184e-05	0.000195243244474451	0.000472589792060492
vmr_msaldopesos_delta2	2.99717704713867e-05	0.00021410259419207	0.000472589792060492
Visa_Finiciomora_min6	2.98476033921558e-05	0.000917695234678885	0.000472589792060492
vm_mlimitecompra_rank_lag3	2.97397635246636e-05	5.99761844308397e-05	0.000472589792060492
Master_cconsumos_lag1	2.96989878063205e-05	0.000275756770998807	0.000472589792060492
mcaja_ahorro_dolares_rank_delta3	2.95956304874086e-05	0.000167018449271263	0.000472589792060492
catm_trx_other_delta1	2.95115694037826e-05	0.000480267109731053	0.000472589792060492
Visa_mpagosdolares_rank_lag3	2.94715141813817e-05	0.000139881539077328	0.000472589792060492
catm_trx_other_ratiomax6	2.94083378089948e-05	8.11377557455327e-05	0.000472589792060492
Visa_fultimo_cierre_avg6	2.93247530263776e-05	0.000218257431773538	0.000472589792060492
mcomisiones_otras_rank_ratiomax6	2.92848960612495e-05	6.90024185389849e-05	0.000472589792060492
mtransferencias_recibidas_rank_ratioavg6	2.91632144512423e-05	0.000254215844948414	0.000472589792060492
Visa_Fvencimiento_avg6	2.89416643667685e-05	6.44722405576454e-05	0.000472589792060492
Master_msaldototal_rank_delta1	2.87601695046955e-05	0.000477663812946916	0.000472589792060492
mautoservicio_rank_lag3	2.87358829887894e-05	9.73797585036183e-05	0.000472589792060492
cpayroll_trx_ratioavg6	2.86036719833844e-05	0.000112718535700515	0.000472589792060492
mextraccion_autoservicio_rank_lag1	2.85409574053766e-05	0.00113180184320678	0.000472589792060492
ctarjeta_master_transacciones_delta3	2.84440386122843e-05	9.56234865790848e-05	0.000472589792060492
vmr_mpagominimo_min6	2.83885700958167e-05	4.84871552925201e-05	0.000472589792060492
cmobile_app_trx_tend6	2.81835213026379e-05	0.00066765630615899	0.000472589792060492
vm_mconsumototal_rank_delta2	2.81729967427833e-05	0.000533461073781323	0.000472589792060492
rf_021_022	2.80508847694281e-05	0.000693534722071002	0.000472589792060492
mrentabilidad_rank_tend6	2.7981564839359e-05	7.9570157604892e-05	0.000472589792060492
cpagomiscuentas_avg6	2.76804192954382e-05	0.000341453383983841	0.000472589792060492
vmr_Visa_mlimitecompra_lag2	2.76576777355962e-05	6.7719838242097e-05	0.000472589792060492
ccaja_ahorro_avg6	2.76017812735521e-05	0.000150764403505695	0.000472589792060492
Visa_msaldopesos_rank_lag2	2.74895289728564e-05	0.000805763508800561	0.000472589792060492
cplazo_fijo_ratiomax6	2.7384433276151e-05	0.000983349697137731	0.000472589792060492
Visa_fultimo_cierre_lag2	2.7327680922954e-05	0.000142862183429251	0.000472589792060492
mtransferencias_emitidas_rank_lag3	2.72941633550091e-05	0.00114679940185834	0.000472589792060492
vmr_Master_mlimitecompra_lag2	2.7190617449911e-05	0.000104308502141892	0.000472589792060492
ccajas_transacciones_tend6	2.70693468610789e-05	0.000279610533393211	0.000472589792060492
vmr_msaldototal_min6	2.69401193858509e-05	0.00147832934767659	0.000472589792060492
vm_fultimo_cierre	2.6897948613284e-05	0.000140421467246128	0.000472589792060492
mtransferencias_emitidas_rank	2.68823612396607e-05	0.00140013008575679	0.000472589792060492
Visa_status_delta2	2.67411875548665e-05	0.00145438182729761	0.000472589792060492
Visa_fultimo_cierre_tend6	2.67369685433926e-05	7.99374693331087e-05	0.000472589792060492
vmr_mpagominimo_lag2	2.67002111614791e-05	0.00147376906217654	0.000472589792060492
ctarjeta_visa_descuentos_tend6	2.66684972511615e-05	0.0011311615566423	0.000472589792060492
ctrx_quarter_delta2	2.66037904293402e-05	8.32533107266279e-05	0.000472589792060492
mpagomiscuentas_rank_ratiomax6	2.65895013990759e-05	0.000151591356686161	0.000472589792060492
vmr_mpagospesos_tend6	2.65874583820584e-05	0.00078069799589362	0.000472589792060492
cextraccion_autoservicio_tend6	2.65826518520812e-05	8.57361774359398e-05	0.000472589792060492
vmr_Visa_mlimitecompra_max6	2.65508799152447e-05	6.06847147043943e-05	0.000472589792060492
ctransferencias_emitidas_delta2	2.64557792864094e-05	0.000792682795506636	0.000472589792060492
catm_trx_other_avg6	2.64188599137976e-05	0.000850047654481684	0.000472589792060492
Visa_mpagado_rank_delta3	2.64148778439422e-05	0.000127037671597226	0.000472589792060492
cpagomiscuentas_ratioavg6	2.63541047365439e-05	0.000327900986230184	0.000472589792060492
Visa_cconsumos_lag2	2.63495472370434e-05	4.76080157462965e-05	0.000472589792060492
Visa_fechaalta_lag1	2.63086216168599e-05	0.000316931813581526	0.000472589792060492
vm_mpagominimo_rank_delta3	2.60628913984312e-05	5.45488023920528e-05	0.000472589792060492
rf_034_044	2.58690804077345e-05	5.05906672661328e-05	0.000472589792060492
Master_cconsumos_min6	2.58122120014998e-05	0.000100828072979445	0.000472589792060492
vmr_Master_mlimitecompra	2.58057758934518e-05	5.50485872025772e-05	0.000472589792060492
vmr_Visa_mlimitecompra_avg6	2.56853539424578e-05	0.000161105332597348	0.000472589792060492
Visa_mfinanciacion_limite_rank_delta1	2.55146906972349e-05	0.000112521833244967	0.000472589792060492
Master_mpagado_rank_lag2	2.53773129138815e-05	0.000737634208304059	0.000472589792060492
rf_008_031	2.53208966309394e-05	0.000188151920235163	0.000472589792060492
ccajas_consultas_max6	2.52735880936836e-05	0.00066775265021885	0.000472589792060492
vm_mlimitecompra_rank	2.52363737529343e-05	0.000103616029211647	0.000472589792060492
ccomisiones_otras_avg6	2.51328399366943e-05	0.000139578456722352	0.000472589792060492
vm_mconsumospesos_rank	2.51147332450447e-05	0.000159575870647068	0.000472589792060492
ctarjeta_debito_lag1	2.51061404847131e-05	0.00018090805123443	0.000472589792060492
Visa_Fvencimiento_delta3	2.50854467774319e-05	5.6867081332437e-05	0.000472589792060492
Master_mconsumototal_rank_lag1	2.47202085256808e-05	7.39380444389023e-05	0.000472589792060492
vm_msaldopesos_rank_delta3	2.47075418201724e-05	5.13293050583937e-05	0.000472589792060492
ctransferencias_recibidas	2.45247075126229e-05	0.0005349463780375	0.000472589792060492
Visa_mlimitecompra_rank	2.44609847238502e-05	0.000113752227176098	0.000472589792060492
cextraccion_autoservicio_lag1	2.43899312515308e-05	0.000197946899654276	0.000472589792060492
cextraccion_autoservicio_ratiomax6	2.43778641533837e-05	0.000163052285473688	0.000472589792060492
vmr_mpagospesos_ratioavg6	2.43766504320313e-05	6.27440689839044e-05	0.000472589792060492
Master_msaldototal_rank_lag3	2.43520375169568e-05	0.00142931230005484	0.000472589792060492
mtarjeta_visa_descuentos_rank_ratiomax6	2.42508997123905e-05	0.000984754714677358	0.000472589792060492
Master_fultimo_cierre_min6	2.41152119513983e-05	5.48418489074607e-05	0.000472589792060492
ccuenta_debitos_automaticos_ratioavg6	2.40910632484745e-05	0.000769387604699624	0.000472589792060492
Master_status_ratioavg6	2.39976502242288e-05	0.00111817116590449	0.000472589792060492
mtarjeta_visa_descuentos_rank_ratioavg6	2.39504432333809e-05	0.00123017314265979	0.000472589792060492
rf_015_029	2.38477435483492e-05	0.00121831880896117	0.000472589792060492
Master_mpagado_rank_delta3	2.36979263300196e-05	0.00141624764410422	0.000472589792060492
ccajeros_propios_descuentos_tend6	2.36826919510525e-05	0.0013086072432255	0.000472589792060492
ctarjeta_master_transacciones_delta2	2.34601288202706e-05	0.00123486991557798	0.000472589792060492
vm_cconsumos_lag1	2.34052792533372e-05	8.18362501795186e-05	0.000472589792060492
vm_mlimitecompra_rank_delta1	2.33863771148251e-05	0.000781932404160577	0.000472589792060492
vmr_mconsumospesos_min6	2.33503474821688e-05	0.000110480543476681	0.000472589792060492
mforex_sell_rank_avg6	2.32869970302254e-05	0.000142400534809088	0.000472589792060492
Visa_mpagospesos_rank_lag3	2.3258689760118e-05	0.00118647910434532	0.000472589792060492
ccajas_depositos_max6	2.30655750876473e-05	0.000741875354105818	0.000472589792060492
vmr_mconsumosdolares	2.30230319782512e-05	0.00099565162928112	0.000472589792060492
vmr_mpagado_delta3	2.30181166485512e-05	0.000939238167897191	0.000472589792060492
vmr_msaldodolares2_tend6	2.29599184679264e-05	0.000690248988196189	0.000472589792060492
ctrx_quarter_normalizado_delta3	2.28586138371185e-05	5.57711676515281e-05	0.000472589792060492
cforex_buy_ratioavg6	2.25741098152467e-05	0.000222305889455576	0.000472589792060492
rf_035_044	2.25499925433538e-05	0.000642940040469041	0.000472589792060492
vm_mconsumosdolares_rank_delta3	2.23787466151709e-05	7.48533130075735e-05	0.000472589792060492
mforex_buy_rank_ratiomax6	2.23292451590573e-05	0.000898440472882257	0.000472589792060492
mcheques_emitidos_rank_delta2	2.22311513289585e-05	0.00147832934767659	0.000472589792060492
ccallcenter_transacciones_delta3	2.21688284299529e-05	0.00104009634839534	0.000472589792060492
mplazo_fijo_dolares_rank_delta3	2.21110823726208e-05	0.00142561710392562	0.000472589792060492
mtarjeta_master_consumo_rank_avg6	2.20633990807641e-05	0.00107784314818137	0.000472589792060492
mautoservicio_rank_max6	2.20616461963408e-05	0.00122697371700527	0.000472589792060492
minversion2_rank_ratiomax6	2.16440003269909e-05	0.00147832934767659	0.000472589792060492
mcaja_ahorro_adicional_rank_avg6	2.1465634061392e-05	0.00141808821708114	0.000472589792060492
rf_014_028	2.14273510655874e-05	0.00129060696137497	0.000472589792060492
mtransferencias_emitidas_rank_delta3	2.12436632846566e-05	0.00101352545955309	0.000472589792060492
vmr_mpagosdolares_tend6	2.08766455529945e-05	0.00144860720520974	0.000472589792060492
rf_008_043	2.07340018630564e-05	0.000911916598255192	0.000472589792060492
rf_016_033	2.07041568901998e-05	0.00129717240762085	0.000472589792060492
ccallcenter_transacciones_tend6	2.05889935924756e-05	0.00124898231317957	0.000472589792060492
Master_mconsumospesos_rank_delta1	2.0385090823044e-05	0.000941219242628065	0.000472589792060492
vmr_mpagospesos_avg6	1.96465885266549e-05	0.00128002717930158	0.000472589792060492
Visa_mpagado_rank_lag2	1.95416076741013e-05	0.000943609779613344	0.000472589792060492
Visa_mpagominimo_rank_delta3	1.94408349530494e-05	7.21456434919213e-05	0.000472589792060492
ccallcenter_transacciones_delta1	1.905792520854e-05	0.00106005361896178	0.000472589792060492
mtarjeta_master_consumo_rank_lag1	1.90575468272817e-05	0.00147832934767659	0.000472589792060492
ctarjeta_master_debitos_automaticos_ratioavg6	1.90131891802861e-05	0.00105496143396459	0.000472589792060492
ccajas_extracciones_ratiomax6	1.88627904878822e-05	0.00135298572579857	0.000472589792060492
Visa_msaldototal_rank_lag3	1.88180109397392e-05	5.05866529303053e-05	0.000472589792060492
rf_009_016	1.82616696015039e-05	0.00147832934767659	0.000472589792060492
ccajas_otras_max6	1.82319829926883e-05	0.00120212899256884	0.000472589792060492
mcomisiones_rank_delta2	1.80764598333393e-05	0.000994860805123102	0.000472589792060492
Visa_msaldodolares_rank_delta3	1.79679441986798e-05	0.00147832934767659	0.000472589792060492
mtransferencias_emitidas_rank_min6	1.78528292563879e-05	0.00110825374924264	0.000472589792060492
ctransferencias_recibidas_delta2	1.77785069568406e-05	0.00147832934767659	0.000472589792060492
Master_mfinanciacion_limite_rank_delta2	1.75126826384919e-05	0.00147832934767659	0.000472589792060492
Visa_status_delta1	1.73904123010957e-05	0.00130167849958723	0.000472589792060492
vm_cconsumos_tend6	1.67875941390413e-05	0.00135596034864675	0.000472589792060492
mprestamos_prendarios_rank_lag1	1.66086717859702e-05	0.0014448056291811	0.000472589792060492
cinversion1_min6	1.65810040164559e-05	0.00134955547583397	0.000472589792060492
mforex_buy_rank_tend6	1.63021793401155e-05	0.00103656574003505	0.000472589792060492
Master_mpagado_rank_lag3	1.62733715912831e-05	0.00147832934767659	0.000472589792060492
vm_mconsumosdolares_rank_lag1	1.61215911423994e-05	0.0011436842772562	0.000472589792060492
vmr_mpagospesos_delta1	1.60083245865098e-05	0.00147832934767659	0.000472589792060492
vmr_msaldototal_delta3	1.57174497364236e-05	0.00129476581329227	0.000472589792060492
mplazo_fijo_dolares_rank_min6	1.5670456718364e-05	0.00147832934767659	0.000472589792060492
rf_023_021	1.56296145113014e-05	0.00141384305694355	0.000472589792060492
rf_027_014	1.56012455880178e-05	0.00142318240924624	0.000472589792060492
rf_021_023	1.55739368575888e-05	0.00147832934767659	0.000472589792060492
vmr_mpagosdolares_min6	1.55400783838457e-05	0.00147832934767659	0.000472589792060492
rf_023_034	1.52925445077897e-05	0.00147832934767659	0.000472589792060492
mtarjeta_master_descuentos_rank_avg6	1.50324321748894e-05	0.00139104765094706	0.000472589792060492
rf_011_006	1.46085520814216e-05	0.00147832934767659	0.000472589792060492
ccajas_depositos_tend6	1.40173271342771e-05	0.00136895475372039	0.000472589792060492
mforex_sell_rank_delta1	1.396583343435e-05	0.00147832934767659	0.000472589792060492
cprestamos_personales_delta1	1.37499360999198e-05	0.00142639187074033	0.000472589792060492
cseguro_vida_tend6	1.2520906626518e-05	0.00147832934767659	0.000472589792060492
mcaja_ahorro_adicional_rank_max6	1.18643015081565e-05	0.00145430555491689	0.000472589792060492
