Feature	Gain	Cover	Frequency
ctrx_quarter_normalizado	0.0931163366131852	0.00567415142444343	0.00321507957677603
ctrx_quarter	0.0479281406837697	0.00542473947151527	0.00386769805281408
ctrx_quarter_normalizado_min3	0.0296625825316476	0.0080494659175392	0.00369965324086423
mconsumo_tarjeta_total_rank	0.0165659037308419	0.00482253116242045	0.00560505023561839
mfinanciamiento_total_rank	0.0153585634093071	0.00373014748429629	0.00293411576420379
cpayroll_trx	0.0152817240693631	0.00341738556871268	0.00171690228505379
financiamiento_total_saldo_total	0.0152719495195336	0.00182745234820411	0.00180581488396906
ctrx_quarter_normalizado_max3	0.0151521847201299	0.00184102729057436	0.00187783408909042
mpayroll_sobre_edad_rank	0.0147143659333505	0.00777890340978226	0.00337245487685605
mvolumen_total_rank	0.0118600078675986	0.00251080993773836	0.00227527340624166
mcuentas_saldo_rank	0.0116854039246351	0.0042334214262366	0.00514181559526985
mprestamos_personales_rank_ratioavg3	0.00988117340973134	0.00597787093321185	0.00155774873299547
mcaja_ahorro_rank	0.0082080535565338	0.00197301192572346	0.0029207788743665
foto_mes	0.0081028334943044	0.0102116884814913	0.00369965324086423
mpayroll_rank	0.00798655466936567	0.00778410298476627	0.00299635458344447
mtarjeta_visa_consumo_rank	0.00720545713528711	0.0041011077994404	0.00431403929936872
cpayroll_trx_min3	0.00668773341839249	0.005161025881297	0.0010518360451676
ccomisiones_mantenimiento_delta3	0.00656431603169641	0.00209693103068965	0.000914021516848937
mpasivos_margen_rank_max3	0.00599437548435842	0.00170259153699147	0.00248955276962746
ctrx_quarter_max3	0.00573516889691271	0.00161278293861224	0.00238374677691829
ctrx_quarter_normalizado_lag3	0.00522400917480495	0.00216226592798369	0.00239263803680982
mprestamos_rank	0.00435827400354283	0.00429787579410991	0.000985151595981151
cproductos_ratioavg3	0.0042945459291853	0.00403876875777569	0.00117720280963813
cdescubierto_preacordado_delta3	0.00413856388130161	0.0066410165835781	0.00072463768115942
ctarjeta_visa_transacciones_ratioavg3	0.00411573175168527	0.00495660874697956	0.00419934204676803
mcaja_ahorro_rank_max3	0.00401582218138803	0.00269330959677734	0.00223348448475149
mpasivos_margen_rank	0.00379769519532212	0.0016673538770386	0.00267449097537121
ctrx_quarter_normalizado_ratioavg3	0.00366763839468134	0.00310244851570238	0.00417089001511514
mrentabilidad_annual_rank_lag3	0.00366535586470386	0.00244541817606372	0.00421178981061616
mcuentas_saldo_rank_ratioavg3	0.00359651962038846	0.00330661922971789	0.00443229305592602
vm_status04	0.00353578707594432	0.000948750158388413	0.000438339112652263
mprestamos_personales_rank_min3	0.00346873433764878	0.000651263857805739	0.000361874277585134
mrentabilidad_annual_rank_lag2	0.00340923617403271	0.002268928400448	0.00381879612341069
mcuentas_saldo_rank_delta3	0.00337381364516286	0.00217631375392008	0.0038561394149551
mprestamos_personales_rank	0.00327981033796031	0.00166501996975716	0.000642838090157375
mcomisiones_otras_rank_lag3	0.00316831039948222	0.00177545772439135	0.00310304970214279
mpayroll_rank_ratioavg3	0.00307832210589945	0.0055961137288899	0.00259002400640171
numero_de_cliente	0.00302846745798045	0.00517948574588421	0.0049079754601227
mrentabilidad_annual_rank_delta3	0.00295690864575367	0.00237436696504839	0.00420378767671379
ctrx_quarter_ratioavg3	0.00294992778380452	0.00242688618583176	0.00384369165110696
mrentabilidad_annual_rank_delta1	0.00291193570193425	0.00246674203129151	0.00404730150262292
mcomisiones_mantenimiento_rank_max3	0.00290562633431015	0.00252566657473723	0.00206543967280164
mcuentas_saldo_rank_min3	0.00287393661185294	0.00356452925107515	0.00522005868231528
ctarjeta_visa_transacciones	0.0027231336392011	0.00229887064132393	0.00282564239352716
mrentabilidad_annual_rank_delta2	0.00271961064724474	0.00219851178969106	0.00397083666755579
mcomisiones_rank_lag3	0.00270904253371527	0.00186281995650345	0.00327465101804926
cdescubierto_preacordado	0.00269969351498205	0.0011217155403085	0.00043744998666311
vm_status01	0.00268404728295969	0.000729267461084741	0.000295189828398684
mactivos_margen_rank_ratioavg3	0.00267919778981366	0.00251764176122371	0.00416022050324531
mcuentas_saldo_rank_delta1	0.00266283629210087	0.00258716423439974	0.00404996888059038
ctrx_quarter_delta3	0.00263482492906437	0.00309983568905337	0.00400995821107851
mcaja_ahorro_rank_ratioavg3	0.00260768818404765	0.00194818555048004	0.00394949764381613
mvolumen_total_rank_delta3	0.00259323393280789	0.0014624235497721	0.00276429270027563
mactivos_margen_rank	0.00258276269282395	0.00302469774149793	0.00255356984084645
chomebanking_transacciones_ratioavg3	0.00258109723686648	0.00198840549807762	0.00446430159153552
financiamiento_corto_saldo_total	0.00256994753082916	0.00153152482882844	0.00169734151329243
mactivos_margen_rank_delta3	0.00252292393689822	0.00368922051132024	0.00402774073086156
mrentabilidad_annual_rank_lag1	0.00251657240674811	0.00234551838421456	0.00341335467235707
mcuentas_saldo_rank_delta2	0.00251225537975191	0.00293145824562922	0.00377789632790967
cliente_edad_lag3	0.00248135624248623	0.0035995951199848	0.00430248066150974
cdescubierto_preacordado_min3	0.00246151140032896	0.000924850479686603	0.000394771939183782
vm_mpagominimo_rank	0.00242113916159197	0.00145515218031724	0.00173913043478261
cpayroll_trx_avg3	0.00241414717820404	0.00202022517391834	0.000989597225926914
mtransferencias_recibidas_rank_ratioavg3	0.00235850805504816	0.00204729622476613	0.00416110962923446
mpasivos_margen_rank_ratioavg3	0.00235239272407122	0.00250515348315123	0.00353427580688184
mactivos_margen_rank_min3	0.00228912764522429	0.00275765824984998	0.00258913488041255
Master_fechaalta_lag2	0.00227249847670983	0.00242931597314318	0.00329065528585401
mactivos_margen_rank_delta2	0.00222760336546658	0.00363294366543398	0.00367475771316796
msaldo_total_rank	0.00221851898966275	0.00119958967440159	0.00197385969591891
cliente_antiguedad	0.00216512060183589	0.00311772741295321	0.00364986218547168
mactivos_margen_rank_lag1	0.00215382752497164	0.00164856440987457	0.00270116475504579
part_dolares_total_ratioavg3	0.00211612723800181	0.00215810617935178	0.00362674490975371
mprestamos_rank_delta3	0.0021089447423653	0.00193913035007765	0.000771761358584511
ccomisiones_mantenimiento_ratioavg3	0.00210738127764142	0.00396773224501084	0.00132835422779408
Master_Fvencimiento_lag3	0.00209694661554348	0.00280741802085005	0.00318662754512314
antiguedad_relativa_lag3	0.00207744979481235	0.00274950910614767	0.00361429714590558
mcaja_ahorro_dolares_rank_ratioavg3	0.00203547352998291	0.00328768946433908	0.00341602205032453
cliente_edad	0.00201386996249973	0.002682927840338	0.00323730772650485
antiguedad_relativa	0.00199088327086735	0.00271366617056328	0.00338490264070419
antiguedad_relativa_delta3	0.00195832185507629	0.00206309142950973	0.00337867875878012
Master_mlimitecompra_rank_delta2	0.00195742544054853	0.00352392528023907	0.00367031208322219
Master_fechaalta_ratioavg3	0.00195225558195438	0.00172635927883044	0.00296968080376989
mcomisiones_rank_delta3	0.00194839163681076	0.00106462089909908	0.00262647817195697
mcomisiones_mantenimiento_rank_delta3	0.00194267823360622	0.00229455817223947	0.00211700898017249
Visa_mfinanciacion_limite_rank_delta3	0.00192930828833387	0.00364681135095423	0.00357072997243709
mfinanciamiento_corto_rank	0.0019147398607955	0.00139918415341809	0.00216768916155419
mrentabilidad_annual_rank_tend3	0.0019018484552691	0.00208427828075165	0.00269582999911087
mtransferencias_emitidas_rank_ratioavg3	0.00189788541456675	0.00271837574396979	0.00307993242642482
mdescubierto_rank	0.0018969355913381	0.00304524966904809	0.00259091313239086
mtransferencias_recibidas_rank	0.00189172993693831	0.00228977365811986	0.00265137369965324
cliente_edad_lag2	0.00189160769634655	0.00298351810715352	0.00338045701075842
Master_mfinanciacion_limite_rank_delta3	0.00187567789827257	0.00249394796583964	0.0034053525384547
antiguedad_relativa_max3	0.00187220673028514	0.0028329343034606	0.00329243353783231
Master_fechaalta_lag1	0.00185596307385728	0.00181670244072012	0.00303191962301058
Visa_mfinanciacion_limite_rank_delta2	0.00185173436056102	0.00151581611256766	0.00334933760113808
Master_mlimitecompra_rank_delta3	0.00185117246217137	0.00207482375990957	0.00342935894016182
ctrx_quarter_delta1	0.00184558888152447	0.00243439890846553	0.00321685782875433
mvolumen_total_rank_delta2	0.00184382824837224	0.00144489658685587	0.00266382146350138
chomebanking_transacciones	0.00184205121582768	0.00271661409815663	0.00260069351827154
mactivos_margen_rank_lag3	0.00183466522659993	0.00361599253373227	0.00286387481106073
Visa_mlimitecompra_rank_delta3	0.00182912672142628	0.00194730343982943	0.0033564506090513
mrentabilidad_rank_delta2	0.00181978754866947	0.00185810780760887	0.00304170000889126
vmr_msaldopesos2_ratioavg3	0.0018122494047324	0.00222020235848178	0.00286743131501734
cliente_edad_avg3	0.00181009643178659	0.00388909539510206	0.00325953587623366
chomebanking_transacciones_max3	0.00180993656045146	0.00152794071974682	0.00262292166800036
mactivos_margen_rank_delta1	0.00180312181796289	0.00189634810331313	0.00318129278918823
Master_mfinanciacion_limite_rank_delta2	0.00180222247800627	0.0015924932316838	0.00336356361696452
vm_status01_max3	0.00179731824464502	0.000471637257521113	0.000239174891082066
thomebanking_ratioavg3	0.00176695056579893	0.00180007379606078	0.00118164843958389
mactivos_margen_rank_lag2	0.00176669218150425	0.00142369155147033	0.00243353783231084
mcuentas_saldo_rank_tend3	0.00175903895558189	0.00158445258191345	0.00255001333688984
mpasivos_margen_rank_lag2	0.00175453610112619	0.00124776407078304	0.00254201120298746
vmr_msaldopesos_ratioavg3	0.00174992189429852	0.00170601884077668	0.00294923090601938
mcomisiones_mantenimiento_rank_ratioavg3	0.00174862763822227	0.00222727402579025	0.00270205388103494
ccajas_transacciones_ratioavg3	0.00173984809111896	0.00101579508392326	0.000949586556415044
Visa_mlimitecompra_rank_delta2	0.00172972233869386	0.00142568497923002	0.0032213034587001
antiguedad_relativa_delta2	0.00172298869318308	0.00163610949335675	0.00297679381168312
Visa_fechaalta_lag3	0.00170806070793775	0.0016927527653096	0.0026878278652085
Visa_mpagospesos_rank_delta3	0.00170623031279718	0.00210609313181512	0.00280874899973326
Visa_fechaalta	0.00170153587734995	0.00163064049836347	0.0026709344714146
mtransferencias_recibidas_rank_avg3	0.00170066698907452	0.00453867396133141	0.00319640793100382
Visa_mfinanciacion_limite_rank_lag3	0.00169702261182476	0.00160233528561557	0.00264781719569663
Master_Fvencimiento	0.00169361216678794	0.00203956266900485	0.00263448030585934
mrentabilidad_rank_delta3	0.00169111630326193	0.00293346668309375	0.00311283008802347
chomebanking_transacciones_delta1	0.00169097687809768	0.0024392988044503	0.00267182359740375
Master_mfinanciacion_limite_rank	0.00167031647174328	0.00366025719548801	0.00270027562905664
ccomisiones_mantenimiento_delta2	0.00166191234801242	0.000699736316019509	0.000319196230105806
mcomisiones_mantenimiento_rank	0.00165823987296065	0.0026594748590772	0.00174535431670668
mpasivos_margen_rank_delta3	0.00165095597824558	0.00265694806570847	0.00303369787498889
ctarjeta_debito_transacciones_ratioavg3	0.00164752072322738	0.0033506854231657	0.00309238019027296
ctrx_quarter_normalizado_tend3	0.00163431598097983	0.00260173986768257	0.00279985773984174
Visa_Fvencimiento_lag3	0.00161919240924954	0.00130375762496154	0.00240330754867965
chomebanking_transacciones_lag2	0.00161839537645397	0.0016028453400629	0.0030203609851516
ccaja_ahorro	0.0016182096276935	0.00516888138342325	0.00111229661242998
Master_mfinanciacion_limite_rank_delta1	0.00161704182204202	0.00144302527316734	0.00315906463945941
vm_mlimitecompra_rank_delta3	0.00161309859630834	0.00159676710438438	0.00289410509469192
chomebanking_transacciones_delta3	0.00161306539214993	0.00159814838055837	0.00284609229127767
chomebanking_transacciones_avg3	0.00160942967968498	0.00176020452212607	0.00259802614030408
mpasivos_margen_rank_delta1	0.00159719677942342	0.00195799724958972	0.00294745265404108
mcomisiones_rank_delta2	0.00158915588003202	0.00145054424884655	0.00259091313239086
Master_mfinanciacion_limite_rank_lag3	0.00158242177445966	0.00140721262053095	0.00251889392726949
mrentabilidad_annual_rank_min3	0.00158099884272988	0.00133779165752159	0.00208233306659554
mcaja_ahorro_total_rank	0.00156901500997861	0.00140293939469714	0.00216768916155419
vm_Fvencimiento_lag3	0.00156308422000315	0.00233412999527158	0.00242286832044101
Visa_mfinanciacion_limite_rank_delta1	0.00155588137820074	0.00130978066134244	0.00302125011114075
vm_fechaalta_lag3	0.00155134092189335	0.00154868402402848	0.00255801547079221
ctrx_quarter_lag3	0.00154132671268339	0.00175889980383208	0.00270205388103494
Master_mlimitecompra_rank_delta1	0.00153898309185093	0.00140665486564892	0.00308171067840313
mcomisiones_otras_rank_delta3	0.00153417527406469	0.000943976449339653	0.00249222014759491
cproductos_delta3	0.00153246686594351	0.00169698648435445	0.000486351916066507
Master_Fvencimiento_avg3	0.00153233836407262	0.00201528027277708	0.00248155063572508
mcaja_ahorro_rank_avg3	0.00152606094519125	0.0017767199291638	0.00294834178003023
Master_Fvencimiento_max3	0.00151808471314882	0.00192502634256447	0.00248421801369254
Master_Fvencimiento_lag1	0.00151492314236328	0.00218921187000675	0.00247799413176847
vm_status06_delta3	0.00150823377171207	0.000290804178838284	0.00012358851249222
mttarjeta_visa_debitos_automaticos_rank_lag3	0.00149519736466102	0.00248671284488187	0.00231884057971015
Visa_mpagospesos_rank_lag3	0.00149121084134594	0.00143984937295398	0.00254645683293323
mrentabilidad_rank	0.0014893293902711	0.0018995393246857	0.00213479149995554
mcuentas_saldo_rank_lag1	0.0014880279668946	0.00130126777487272	0.00271894727482884
cliente_edad_lag1	0.0014792095212651	0.00244337844941399	0.00251000266737797
mcomisiones_otras_rank_lag1	0.00147615853622568	0.00171733779935313	0.00235440561927625
vm_status06	0.00147077573786192	0.000396675030125555	0.000209833733440028
mcomisiones_rank_lag1	0.00147036072322084	0.00192542024848972	0.00233929047746066
Visa_mlimitecompra_rank_delta1	0.00146811893312513	0.00207908591713422	0.00288076820485463
Master_mlimitecompra_rank	0.00146446369779835	0.00150484056837145	0.0024530986040722
mrentabilidad_rank_ratioavg3	0.00146419251989123	0.00133504494143042	0.00261669778607629
mcomisiones_otras_rank_lag2	0.00146074519622366	0.00103769489015571	0.00247710500577932
mpasivos_margen_rank_lag1	0.00146032712937051	0.00128976596862291	0.00257313061260781
mcuentas_saldo_rank_avg3	0.00145545197507831	0.00235323837973173	0.00281586200764648
mcuenta_debitos_automaticos_rank	0.00145224241637548	0.00238041769691022	0.00101538187961234
Visa_mlimitecompra_rank_lag2	0.00145125284250407	0.00169858329893166	0.00232862096559082
ctrx_quarter_normalizado_delta1	0.00144606971889097	0.00152414788832108	0.00238908153285321
Visa_mpagominimo_rank	0.00144261799895667	0.00111143394040722	0.00217924779941318
mrentabilidad_rank_lag1	0.00144032028858366	0.00123043577981799	0.00239708366675558
ccomisiones_otras_avg3	0.00143761676320383	0.00207876567016752	0.00298568507157464
msaldo_total_rank_delta3	0.00143630531750088	0.00103856362024742	0.00211078509824842
mrentabilidad_rank_lag3	0.00143248152933781	0.00179840418501402	0.00250911354138882
mcaja_ahorro_rank_min3	0.0014313864086617	0.00272945494257622	0.0060593936160754
Visa_mfinanciacion_limite_rank_lag2	0.00142174455677834	0.00133331523166922	0.00231439494976438
antiguedad_relativa_delta1	0.00140485234738836	0.00131333356509196	0.00253489819507424
mcuentas_saldo_rank_lag2	0.00139668389865899	0.00121938910423522	0.00241575531252779
Visa_Fvencimiento	0.00139287808014149	0.00109320354581678	0.00214279363385792
mactivos_margen_rank_max3	0.00139270307335604	0.00210705009932572	0.00246287898995288
mrentabilidad_annual_rank_max3	0.00139186457375231	0.00137041596374882	0.00190184049079755
mcaja_ahorro_rank_delta3	0.00138134443851743	0.0018145149169927	0.00241397706054948
mrentabilidad_rank_min3	0.00137371368450745	0.00173877072350558	0.00215879790166267
mrentabilidad_rank_lag2	0.00137097502261969	0.0011310859564916	0.00229839068195963
ctarjeta_visa_transacciones_delta3	0.00136969582706628	0.00239046951536034	0.00160753978838801
mcomisiones_otras_rank_delta1	0.00136823286132421	0.00253338716920511	0.00231795145372099
mpasivos_margen_rank_lag3	0.00136763152540415	0.00156256652758934	0.00292166800035565
mcaja_ahorro_total_rank_delta3	0.00136308682960546	0.00143677386885897	0.00223793011469725
mdescubierto_rank_lag3	0.00135798196220698	0.00158341392950475	0.00184404730150262
mcomisiones_rank_lag2	0.0013576396963471	0.00102564462473893	0.00226371476838268
mcuentas_saldo_rank_lag3	0.00135502941317742	0.0014268115216662	0.00256157197474882
mvolumen_total_rank_delta1	0.00133422270297014	0.00143249479726621	0.00229305592602472
mcaja_ahorro_rank_lag3	0.00132757607084778	0.00223564272086556	0.00287810082688717
mcuenta_corriente_rank_min3	0.00131728852819394	0.00151345714518843	0.00247977238374678
Visa_fechaalta_min3	0.00131020410190431	0.00102514529150934	0.00200497910553925
mdescubierto_rank_lag1	0.00130965532036951	0.0014985336652901	0.0018858362229928
vm_cconsumos_ratioavg3	0.00130915860922963	0.00132669463414197	0.00250022228149729
prestamos_caja_ahorro	0.00130696766383039	0.00221530786503244	0.000903352004979106
Visa_msaldopesos_rank	0.00130691391567745	0.00160765951422176	0.00225571263448031
mrentabilidad_annual_rank	0.00130622269826454	0.00155469451838147	0.00187516671112297
mpayroll_rank_delta3	0.00130612940991212	0.00292462389457186	0.00154619009513648
mcomisiones_otras_rank_max3	0.0013001445589871	0.00219527219705898	0.00201742686938739
mcomisiones_mantenimiento_rank_avg3	0.00129002661015213	0.00200533628941314	0.00147772739397173
msaldo_total_rank_delta2	0.00128785947358303	0.00106796161856937	0.00218991731128301
ccallcenter_transacciones_ratioavg3	0.00128386132159777	0.00142460612524953	0.0011683115497466
Master_mlimitecompra_rank_lag2	0.00127957722136176	0.00115022642075189	0.00214190450786877
mcomisiones_otras_rank_min3	0.00127428674434508	0.00164546240820005	0.00275184493642749
mcomisiones_rank_ratioavg3	0.00126962049937668	0.00104502839475744	0.00217924779941318
mcomisiones_otras_rank_ratioavg3	0.00126860017846406	0.00111118242902423	0.00212945674402063
mrentabilidad_annual_rank_avg3	0.00126830948868197	0.00120755352671164	0.00175157819863075
mautoservicio_rank	0.00126260464738395	0.00532299924787629	0.00309949319818618
vm_fechaalta	0.0012622415880208	0.00132840154783907	0.00221392371299013
vmr_mpagospesos_ratioavg3	0.00125744776772944	0.00124139153468267	0.00239708366675558
mactivos_margen_rank_avg3	0.001256235476029	0.00159125862656016	0.0019516315461901
mcomisiones_rank_delta1	0.00125463738550785	0.00164260627579282	0.00218013692540233
ccomisiones_otras_ratioavg3	0.00125332827709219	0.00148487697812667	0.00215701964968436
mrentabilidad_rank_tend3	0.00124303943532287	0.00171345451439086	0.00200764648350671
Master_mlimitecompra_rank_lag1	0.00124284869759424	0.00100905800246153	0.00211256335022673
vm_mpagominimo_rank_lag2	0.00123788686087179	0.00143662966548555	0.00125188939272695
vm_fultimo_cierre_ratioavg3	0.00123378317925714	0.00111981232650505	0.0022690495243176
Visa_Fvencimiento_min3	0.00123370756911498	0.00107020630615275	0.00193207077442874
mrentabilidad_rank_max3	0.00123231843393195	0.00148175421682048	0.00186182982128568
mcuenta_corriente_rank_delta3	0.00122129404286223	0.00120987097482752	0.00177558460033787
vm_msaldopesos_rank	0.00121384322531843	0.00152532655144822	0.00199253134169112
Visa_fultimo_cierre_lag3	0.00121137424501002	0.00239252712667834	0.00213479149995554
Visa_Fvencimiento_lag1	0.00121091818283961	0.00157198748323353	0.00188405797101449
mcomisiones_rank_min3	0.00121067664341142	0.00188764104900159	0.00291188761447497
vm_fechaalta_ratioavg3	0.00120862334618352	0.0011708727788713	0.00192495776651552
mautoservicio_rank_max3	0.00120614643619008	0.00300801513137943	0.00254645683293323
Visa_mconsumospesos_rank_delta3	0.00120372056560855	0.00205404919040074	0.00230105805992709
ccajas_consultas_delta3	0.00120172416180334	0.00267099556821148	0.00041077620698853
vmr_msaldopesos2_max3	0.0011959305579338	0.00193849731907013	0.00196674668800569
vmr_msaldopesos2	0.00119398554966825	0.00163798900069102	0.00196141193207077
vm_fechaalta_lag2	0.00119314557459076	0.00104471793464538	0.001968524939984
ctarjeta_master	0.00118784490819882	5.51303344333398e-05	8.80234729261136e-05
mcomisiones_rank_max3	0.00118653968195799	0.00179470015402084	0.00197385969591891
mcuentas_saldo_rank_max3	0.00118294962867802	0.00173028746113807	0.00190984262469992
msaldo_total_rank_delta1	0.00118133719466741	0.00212295232458253	0.00213123499599893
vm_Fvencimiento	0.0011765440722604	0.00147442775587913	0.00192406864052636
mfinanciamiento_total_rank_lag3	0.00116869059810786	0.0022054246991238	0.00161287454432293
Visa_fechaalta_lag1	0.00116476656169602	0.00100828406230951	0.00208233306659554
ccaja_seguridad	0.00116381852261871	0.00254194090411338	0.000312083222192585
Visa_mpagominimo_rank_lag3	0.00116249559620921	0.00119270547866598	0.00198275095581044
Visa_msaldototal_rank_delta3	0.00115982347847323	0.0012557715027469	0.00202987463323553
mv_status07_rank	0.00115557534633667	0.000781388499434771	0.000555703743220414
Visa_mconsumospesos_rank_lag1	0.00115458838928343	0.00130717153620883	0.00205121365697519
mdescubierto_rank_lag2	0.00115343858656173	0.00157001582134271	0.00173023917489108
Visa_Fvencimiento_lag2	0.00114632790321337	0.00111248366142507	0.0018031475060016
Visa_mpagominimo_rank_delta2	0.00113961813796922	0.00121497368750238	0.00202898550724638
Visa_cconsumos_ratioavg3	0.00113930546892114	0.00228906184113569	0.00278474259802614
part_dolares_total_max3	0.00113535630670418	0.00325684393391537	0.00202276162532231
mconsumo_tarjeta_total_rank_delta3	0.00113325492563783	0.00140066030338487	0.00187161020716636
Visa_mconsumospesos_rank	0.00112498626139296	0.00119460585344306	0.00211523072819419
ccomisiones_mantenimiento_avg3	0.00112399925978818	0.00417794700659823	0.000853560949586556
mpasivos_margen_rank_min3	0.00112275480434219	0.0013323083595853	0.00268516048724104
Visa_mpagospesos_rank_delta2	0.00112259564945415	0.00132455084579553	0.00220414332710945
ccomisiones_mantenimiento_delta1	0.00112238423576328	0.00161791999512093	0.000364541655552592
vm_Fvencimiento_lag1	0.00111238585697125	0.00237318668475433	0.00178536498621855
ccaja_seguridad_avg3	0.0011120341994477	0.000851609636637345	0.000189383835689517
Master_fultimo_cierre_min3	0.00110961117176925	0.00128864818284614	0.00176669334044634
Visa_msaldototal_rank	0.00110816192704065	0.00132209500412815	0.0019854183337779
mvolumen_total_rank_lag3	0.00110757764220221	0.0012989949605639	0.00165644171779141
Visa_mconsumospesos_rank_delta2	0.00110552231677575	0.00143907102452472	0.00210989597225927
Visa_mpagominimo_rank_delta3	0.00110493760593814	0.00129795924301369	0.00193207077442874
cliente_edad_max3	0.00109865061566558	0.00151875966782082	0.00180670400995821
vmr_msaldopesos2_delta3	0.0010956566524326	0.00169228890194118	0.00197652707388637
mpasivos_margen_rank_avg3	0.00109430543754055	0.00141412089408518	0.002137458877923
mpayroll_rank_max3	0.00109225410897891	0.00387906802582	0.00205032453098604
vm_Fvencimiento_lag2	0.00108739501049028	0.00101906212047696	0.00178358673424024
ctarjeta_visa_debitos_automaticos_ratioavg3	0.00107768580072502	0.00114668790379846	0.00190006223881924
vm_Fvencimiento_avg3	0.0010764315540428	0.00135701545978394	0.00169645238730328
ccomisiones_otras_lag1	0.00107548581731843	0.00159900836596968	0.00186094069529652
mprestamos_personales_rank_lag3	0.00107281546260951	0.000895686862757271	0.000448119498532942
tcallcenter_ratioavg3	0.00107119111780127	0.00124635035543848	0.00125011114074864
thomebanking	0.00106905277498964	0.00119938460565682	0.000474793278207522
vm_mpagominimo_rank_lag3	0.00106545871618408	0.001394315953905	0.00156752911887615
mcaja_ahorro_rank_lag2	0.00106487604236866	0.00172689934070844	0.00254823508491153
Visa_mpagospesos_rank_delta1	0.00105245862460003	0.00260613097899551	0.00203698764114875
mfinanciamiento_corto_rank_delta3	0.00104505228179723	0.00238585244390179	0.00130612607806526
vm_Fvencimiento_min3	0.00104408814000775	0.000893312897652214	0.00164577220592158
cproductos_delta2	0.0010385051718551	0.000689078850588417	0.00032719836400818
Visa_cconsumos_lag3	0.00103527284353992	0.0012100090090086	0.00172223704098871
mpagomiscuentas_rank	0.00103032564266181	0.00542414411450754	0.00161998755223615
Visa_cconsumos_max3	0.00101962736333303	0.00155529318159713	0.00206810705076909
vmr_mpagospesos_lag3	0.00101926833489751	0.00138320039899036	0.00173201742686939
Visa_msaldototal_rank_delta2	0.00100679280163534	0.00129850844487956	0.00182359740375211
Visa_Fvencimiento_max3	0.00100530625990173	0.000870150587171952	0.00156130523695208
vm_mpagominimo_rank_lag1	0.00100352519555023	0.000980023231809367	0.00113808126611541
mcomisiones_otras_rank_avg3	0.00100349356821375	0.00133441993636244	0.0017542455765982
mconsumo_tarjeta_total_rank_lag1	0.00100035426452562	0.00106763398055089	0.00189917311283009
ccallcenter_transacciones_delta3	0.000999221449458349	0.00158119926133106	0.000615275184493643
cmobile_app_trx_max3	0.000991205440912842	0.00308111332832711	0.00139859518093714
Visa_cconsumos_avg3	0.000986852467206955	0.000932377469326333	0.00160665066239886
cproductos	0.000986589177635543	0.00281240807089599	0.00287454432293056
mrentabilidad_rank_avg3	0.000984838166575249	0.00101788354120292	0.00155508135502801
mautoservicio_rank_lag2	0.000983464422418446	0.0011469973337153	0.00250822441539966
mfinanciamiento_total_rank_lag1	0.000983114181861637	0.0020228609284006	0.00160487241042056
vm_msaldototal_rank	0.000978150942514629	0.000956329484341358	0.00178269760825109
mcuenta_corriente_rank_delta2	0.000976094734139477	0.00120625199483544	0.00143771672445986
mcuenta_debitos_automaticos_rank_ratioavg3	0.000975735121388558	0.00198822265040425	0.00169556326131413
mcuenta_corriente_rank_max3	0.000973230243654669	0.00261584092835824	0.000947808304436739
vmr_msaldopesos2_min3	0.000972545081160564	0.00140030535321392	0.00187694496310127
vm_status04_delta3	0.000968945310654474	0.00031710850090062	0.000133368898372899
vm_fultimo_cierre_max3	0.000968589123644096	0.0030838207772096	0.00147772739397173
ctarjeta_visa_transacciones_min3	0.00096857837708348	0.00166061660391265	0.00224237574464302
vmr_mpagominimo_delta3	0.000968179017643389	0.00273567395563009	0.00157197474882191
vm_fechaalta_lag1	0.000962849626435325	0.000914899189123978	0.00175513470258736
mfinanciamiento_total_rank_delta2	0.000957874646469394	0.0010114542724911	0.001153196407931
Visa_msaldopesos_rank_delta1	0.000955137795821883	0.00131795796770723	0.00172846092291278
mcaja_ahorro_dolares_rank_delta2	0.000952577400364164	0.00613175890840261	0.00162532230817107
mcaja_ahorro_rank_lag1	0.000950134673352075	0.0027174677346904	0.00224948875255624
ctransferencias_recibidas_lag3	0.000947156711498655	0.00165295288580438	0.00158353338668089
cproductos_avg3	0.000944840447551522	0.00277065790006135	0.00318840579710145
vmr_msaldopesos2_avg3	0.000943688779892232	0.00254808089161031	0.00164043744998666
mttarjeta_visa_debitos_automaticos_rank_max3	0.000940929511808611	0.0012779793133935	0.00154707922112563
mcomisiones_mantenimiento_rank_lag3	0.000939417491346955	0.00187101700428371	0.0014368275984707
mcuenta_corriente_rank_lag3	0.000938870722539043	0.00158784040286773	0.00119142882546457
mtransferencias_recibidas_rank_delta2	0.000938200230863915	0.00136407078771698	0.00160665066239886
mcaja_ahorro_dolares_rank_lag1	0.000935612600732812	0.00135052841628644	0.00170978927714057
thomebanking_avg3	0.0009349215516061	0.000657374089431293	0.000893571619098426
mcomisiones_otras_rank	0.000925105747631057	0.00122150251380154	0.00163332444207344
mfinanciamiento_total_rank_delta3	0.000920038296585596	0.00199766368287631	0.00121365697519338
mautoservicio_rank_lag3	0.000915747239668539	0.00411300835113722	0.00245843336000711
financiamiento_corto_saldo_total_min3	0.000913252750477338	0.00267964347015069	0.00183248866364364
financiamiento_corto_saldo_total_tend3	0.000913160910042752	0.00122776522629936	0.00175513470258736
Visa_mpagominimo_rank_lag1	0.000910420841653735	0.0010429293600082	0.00163065706410598
Master_fultimo_cierre	0.000910037829706379	0.00116039093776798	0.00174179781275007
financiamiento_corto_caja_ahorro_min3	0.000906314738531179	0.00340323449565256	0.00139503867698053
mfinanciamiento_corto_rank_lag1	0.000903420996980451	0.000782993675363929	0.00122966124299813
mcaja_ahorro_total_rank_lag3	0.000902236133008369	0.00101584720461421	0.00174001956077176
thomebanking_delta3	0.000898270873440679	0.000921147071602166	0.000461456388370232
mtarjeta_visa_consumo_rank_delta1	0.000898220578475848	0.0010884055073901	0.00171334578109718
mvolumen_total_rank_lag2	0.000897378600632742	0.000939136640090316	0.00151240330754868
mcomisiones_mantenimiento_rank_delta2	0.00089230397390043	0.00150081762008216	0.0013354672357073
mcomisiones_rank_avg3	0.000892120016049918	0.00109579882320993	0.00165021783586734
Visa_mpagominimo_rank_lag2	0.000890858312272644	0.000927291000194778	0.00157108562283276
vm_mlimitecompra_rank_lag3	0.000890689024637722	0.000807253107821397	0.00148395127589579
catm_trx_ratioavg3	0.000889895717163394	0.00225102912976919	0.00182982128567618
vm_status01_tend3	0.000889058785266155	0.000252031955006694	0.000152040544145105
msaldo_total_rank_lag3	0.000883301571121301	0.000859983818101177	0.00144838623632969
financiamiento_total_saldo_total_avg3	0.000880566494629825	0.00184720543123164	0.00131501733795679
vmr_mpagominimo	0.000878333395792415	0.000958014572274511	0.00125011114074864
financiamiento_total_saldo_total_lag3	0.000875684776832242	0.00128057099708237	0.00139681692895883
mtransferencias_emitidas_rank_lag3	0.00087320646248283	0.00584152128902182	0.00253045256512848
vmr_Master_mlimitecompra	0.000873159276734204	0.00115880018457197	0.00137636703120832
mtarjeta_visa_consumo_rank_delta3	0.000870996751378726	0.00122850518198798	0.00168133724548769
financiamiento_total_ahorro_lag3	0.00087025026810567	0.00141382273642075	0.0013034587000978
vmr_mpagominimo_lag2	0.000870190896850924	0.00110210485182324	0.00116386591980084
financiamiento_corto_saldo_total_max3	0.000866174781517265	0.00109865430875039	0.00146261225215613
vmr_msaldopesos2_lag2	0.000865595206306943	0.00102658681014595	0.00152040544145105
vm_mfinanciacion_limite_rank_lag3	0.000859070883435174	0.000756225034730632	0.00143416022050325
mcomisiones_rank	0.000856173314600817	0.00175345889962719	0.00152307281941851
vmr_Master_mlimitecompra_lag2	0.000848476172306943	0.00145564206210459	0.00132657597581577
Visa_cconsumos_lag2	0.00084813931096971	0.000882563541202886	0.00144571885836223
mdescubierto_rank_delta3	0.000846781837551424	0.00170279212558492	0.00122610473904152
vm_mpagominimo_rank_delta3	0.000846684922792514	0.00102110970536003	0.00150351204765715
vmr_mpagominimo_max3	0.000846447922695513	0.00171442338904161	0.0018351560416111
mttarjeta_visa_debitos_automaticos_rank_delta2	0.000846427906897514	0.0012578782519813	0.0014012625589046
mextraccion_autoservicio_rank_delta3	0.00084206273946375	0.0020564262700495	0.00157730950475682
financiamiento_total_saldo_total_ratioavg3	0.000841636788740103	0.00133172535294125	0.0014519427402863
financiamiento_corto_caja_ahorro_avg3	0.00084128832546177	0.0022475481719792	0.0012527785187161
Visa_cconsumos_tend3	0.000837318486355975	0.00417378622777109	0.00154885747310394
mfinanciamiento_corto_rank_delta2	0.000835707275489906	0.0010151863343776	0.00117275717969236
mfinanciamiento_corto_rank_lag3	0.000835090497551061	0.001539849992166	0.00134880412554459
mtarjeta_master_consumo_rank	0.000834591872005122	0.00136543455057215	0.000528140837556682
mcomisiones_otras_rank_tend3	0.000833904349985555	0.000930463713990351	0.00135680625944696
vmr_mpagospesos_min3	0.000832605496533392	0.000933172732123704	0.00145283186627545
financiamiento_total_ahorro_max3	0.000829953194414048	0.00241752512525878	0.00127945229839068
part_dolares_total_lag2	0.000821556445420088	0.000921810002229227	0.00152751844936428
mcomisiones_rank_tend3	0.00081499527657113	0.000766356058422915	0.00138792566906731
mtransferencias_emitidas_rank_delta3	0.00081432404365881	0.0015147205478623	0.00144216235440562
vmr_mpagado_ratioavg3	0.000810913506899095	0.00170051485508281	0.00125722414866187
mtransferencias_recibidas_rank_tend3	0.000805698933961758	0.000849223357105649	0.0014857295278741
Visa_msaldopesos_rank_lag1	0.00080208735276028	0.00200917040052195	0.00153196407931004
Master_msaldototal_rank	0.00080001646286034	0.00247871098315964	0.00113897039210456
mcuenta_corriente_rank_lag2	0.00079299717837379	0.00297630362603729	0.00104205565928692
vmr_mpagominimo_min3	0.000789295150342541	0.00102368504967348	0.00154974659909309
mvolumen_total_rank_lag1	0.000789088633858542	0.000861680130370673	0.00130879345603272
Visa_status	0.000776936670033817	0.00024150890609439	0.000121810260513915
mtransferencias_emitidas_rank_min3	0.000775794143027392	0.00554500398288004	0.00217302391748911
thomebanking_max3	0.000775204474673017	0.000236709430185999	0.000344091757802081
vmr_Visa_mlimitecompra_lag3	0.000774753551726897	0.000862703269955933	0.00118876144749711
mprestamos_personales_rank_delta2	0.000771506170598095	0.00141167437209087	0.000492575797990575
ccomisiones_otras_min3	0.000770691590216518	0.00121967999063801	0.00218902818529386
vmr_mpagominimo_avg3	0.000769505178820079	0.00106779666754328	0.00121632435316084
mtarjeta_visa_consumo_rank_max3	0.000769091169354622	0.00103522714134817	0.00148839690584156
Visa_cconsumos_min3	0.000768661196532225	0.0010035911517118	0.00132657597581577
Visa_cconsumos	0.000767778099281377	0.00108268508486693	0.00149106428380902
vm_mfinanciacion_limite_rank	0.000767545378357136	0.000832344997915452	0.0013203520938917
ccallcenter_transacciones_avg3	0.000767260563493043	0.00525548733245031	0.00199697697163688
vmr_mconsumospesos_lag3	0.000765351750292607	0.000738351986113995	0.00132124121988086
Visa_cconsumos_lag1	0.000764635484462954	0.00075394256533634	0.00126255890459678
mfinanciamiento_corto_rank_lag2	0.000761343554806878	0.000889787186265014	0.00121543522717169
vm_msaldopesos_rank_delta1	0.000760442430817873	0.00177852775407686	0.00125811327465102
mdescubierto_rank_delta1	0.000760361573041309	0.000883604493582321	0.00119231795145372
Visa_cconsumos_delta3	0.000756944832020878	0.000986998599822355	0.00151329243353783
mcomisiones_mantenimiento_rank_lag2	0.000755097223599477	0.00163132573391504	0.00116653329776829
financiamiento_total_saldo_total_lag2	0.000749713332011156	0.00105974076848781	0.00128389792833645
mcuenta_debitos_automaticos_rank_delta3	0.00074116535673119	0.00409561223499354	0.00126522628256424
mdescubierto_rank_delta2	0.000740230220057739	0.000933708936759118	0.00117097892771406
mprestamos_rank_lag1	0.00073944892931403	0.000898627806585327	0.000356539521650218
vmr_msaldototal_min3	0.000735672295873734	0.00104006823235203	0.00115408553392016
mpayroll_sobre_edad_rank_lag3	0.000733194696757563	0.00399585274135916	0.00329599004178892
vmr_msaldopesos_delta3	0.000728625809559625	0.00121475260281557	0.00129545656619543
mtransferencias_emitidas_rank_lag2	0.000726777466802781	0.00237132131265686	0.00268693873921935
msaldo_total_rank_lag2	0.000726256551847474	0.00132721471502422	0.00152751844936428
vm_fultimo_cierre_delta3	0.000723517751362968	0.000652047129609855	0.00091135413888148
financiamiento_total_ahorro_tend3	0.000722296572873588	0.00120580029016648	0.00119765270738864
vm_cconsumos_max3	0.000717796473500523	0.00234335853201003	0.00142971459055748
vmr_mpagominimo_delta2	0.000716265982150489	0.00158520922436891	0.00138170178714324
ccomisiones_otras_max3	0.00071524282881218	0.00217787561373375	0.00138348003912154
vmr_Visa_mlimitecompra	0.000711644278614257	0.000678660510239586	0.00116386591980084
mextraccion_autoservicio_rank_delta2	0.000702034533192249	0.00204498084901972	0.00136391926736019
vm_msaldopesos_rank_lag3	0.000696737785915145	0.0015252290422723	0.00136391926736019
inversion_antiguedad_ratioavg3	0.000694857269362485	0.00178082904250252	0.000648172846092291
tcallcenter_delta3	0.00069485414286049	0.000369471515338301	0.000228505379212234
mpagomiscuentas_rank_delta2	0.000693102408139675	0.00408849244798487	0.00132657597581577
vmr_mpagominimo_lag1	0.000691700634001524	0.000652513820025635	0.0010349426513737
vmr_msaldototal_max3	0.000689033344771395	0.00196654214398549	0.00189739486085178
vm_status05_delta3	0.000685449445631363	0.000409226880826603	0.000144927536231884
mttarjeta_visa_debitos_automaticos_rank	0.000684656759917044	0.000904097879689891	0.00143238196852494
vmr_mpagospesos_delta2	0.000683307095187029	0.00110067186224476	0.0012847870543256
vmr_Visa_mlimitecompra_max3	0.000680513863543124	0.000758157022126287	0.0011025162265493
vm_mfinanciacion_limite_rank_lag2	0.000678789698451106	0.000675121741726865	0.00115230728194185
vmr_msaldopesos_min3	0.000671945268237814	0.000881149897732414	0.00114963990397439
vmr_msaldototal_delta3	0.00067045689364343	0.0011578953976474	0.00139681692895883
ctarjeta_visa_transacciones_avg3	0.000670019031938458	0.000899606096741272	0.00127500666844492
mtarjeta_visa_consumo_rank_lag1	0.000669623474907132	0.000615504056580174	0.00152129456744021
part_dolares_total_delta2	0.000667160106019332	0.00201916539052852	0.00138792566906731
mcomisiones_mantenimiento_rank_lag1	0.000663597670863893	0.00102010331243668	0.00106072730505913
vmr_msaldototal_lag2	0.000663465824746358	0.000989299972101118	0.0011176313683649
ctransferencias_recibidas_min3	0.000662503531126949	0.00245809814232206	0.00109718147061439
ccomisiones_otras	0.000661001855817001	0.000894061789685461	0.00129634569218458
vm_mlimitecompra_rank_lag1	0.000659952679749668	0.000747334138487554	0.00112919000622388
mcaja_ahorro_total_rank_lag1	0.000655831294926836	0.000809251063648473	0.00137458877923002
financiamiento_total_ahorro_lag2	0.000652927589363715	0.00108443496728811	0.00107406419489642
prestamos_saldo_total_ratioavg3	0.000651608489083235	0.00329189105566773	0.00105805992709167
mtransferencias_emitidas_rank_lag1	0.00065109624865264	0.00176373107204426	0.00211967635813995
mfinanciamiento_corto_rank_delta1	0.000650486602984669	0.000989529513971986	0.0010838445807771
ctransferencias_recibidas	0.000650032282805774	0.00169438042584849	0.00121365697519338
ctarjeta_visa_transacciones_delta1	0.000646822250898208	0.00446449482605475	0.00144127322841647
vm_Fvencimiento_delta3	0.000644982716672876	0.00034588365037716	0.000749533208855695
vmr_msaldototal	0.0006391127310785	0.00110128965594617	0.00124033075486796
ccaja_seguridad_lag2	0.000636415160127855	0.000166910649067502	7.02409531430604e-05
ccajas_consultas_ratioavg3	0.00063424646467164	0.00102751729205606	0.000431226104739042
minversiones_total_rank	0.000633916674206096	0.00368668326027207	0.000417000088912599
vmr_Visa_mlimitecompra_lag2	0.000632142483591007	0.00103703405585614	0.000960256068284876
mprestamos_personales_rank_avg3	0.000631104063054674	0.000673060057544032	0.000285409442518005
financiamiento_corto_saldo_total_lag1	0.000623603629252794	0.000749942449048191	0.00103405352538455
vm_mconsumospesos_rank_lag3	0.000619295675456475	0.000493596695286457	0.00106606206099404
mcomisiones_mantenimiento_rank_delta1	0.00061282818487973	0.000918267783760405	0.000987818973948609
ccaja_ahorro_max3	0.000611857050731921	0.001246468564351	0.000631279452298391
ccallcenter_transacciones_max3	0.000609239509376863	0.00458299706869763	0.00172579354494532
financiamiento_total_saldo_total_delta1	0.000608275054820471	0.0012259166847169	0.00106517293500489
cpayroll_trx_max3	0.000607387756339846	0.000836211835691166	0.000500577931892949
mcuenta_debitos_automaticos_rank_min3	0.000605198616752484	0.000991300719038511	0.000887347737174358
ccomisiones_mantenimiento_tend3	0.000603360345539633	0.000649504392173169	0.000193829465635281
vmr_Visa_mlimitecompra_min3	0.000601088283954701	0.000718581222061444	0.000935360540588601
vmr_msaldopesos_lag1	0.000597358396916201	0.000930813824639546	0.000982484218013692
vm_mconsumospesos_rank_delta2	0.000597131259799753	0.00105680502355194	0.00114875077798524
financiamiento_corto_saldo_total_avg3	0.000592491432114748	0.000724743322818659	0.00101627100560149
financiamiento_corto_saldo_total_delta3	0.000592464385800411	0.000810902011391042	0.000995821107850982
inversion_antiguedad	0.000578661084995017	0.00382736321029876	0.000426780474793278
vm_cconsumos_lag3	0.00057152212871426	0.000563813651813061	0.000989597225926914
mcuenta_debitos_automaticos_rank_max3	0.000570415708455396	0.000832083579887691	0.000944251800480128
mpayroll_sobre_edad_rank_delta3	0.00056965534984634	0.00150360556794034	0.00119231795145372
vmr_mpagospesos	0.00056824627760764	0.000989175929408662	0.00107317506890726
ctarjeta_debito_lag3	0.000567516801584742	0.000972213381706386	0.000853560949586556
mprestamos_personales_rank_lag1	0.000562617008120105	0.00105166155827063	0.000323641860051569
ctarjeta_debito_max3	0.000562149809754676	0.000832695503872117	0.000773539610562817
ccajas_consultas_max3	0.000561419200184993	0.00145184643956853	0.000439228238641415
financiamiento_total_ahorro_lag1	0.000555622228893293	0.000844489657964451	0.000938917044545212
mprestamos_rank_lag3	0.000554053967952427	0.00246151954045326	0.000498799679914644
ctarjeta_visa_debitos_automaticos_avg3	0.000549204313938946	0.000731593845545237	0.00106250555703743
msaldo_total_rank_lag1	0.000548801242651865	0.000730460726630238	0.00123766337690051
vmr_mconsumospesos_tend3	0.00054806331685482	0.00135423063844847	0.00113808126611541
mcomisiones_mantenimiento_rank_tend3	0.000547794453009644	0.00114342155004858	0.000890904241130968
ccaja_ahorro_avg3	0.000547023738181242	0.000989285848843329	0.000786876500400107
financiamiento_corto_caja_ahorro_lag1	0.000541039658290413	0.000675982960976642	0.000897128123055037
cproductos_delta1	0.000540738248095899	0.000376498896231119	0.00019027296167867
vm_mconsumospesos_rank	0.000531833512345957	0.000819454752041136	0.00123766337690051
ctarjeta_debito	0.000523530381123165	0.000846829123508497	0.000812661154085534
mcuenta_debitos_automaticos_rank_avg3	0.000523003000933715	0.00082793025200741	0.00087134346936961
vm_cconsumos_lag2	0.000513129608241612	0.000792219636614316	0.000910465012892327
Master_fultimo_cierre_max3	0.000512177834318937	0.00111651812154705	0.000909575886903174
cmobile_app_trx_delta3	0.000509355477418422	0.00111771628650937	0.000978038588067929
vm_status02_max3	0.000509189483577462	0.000966289831038748	0.000156486174090869
mautoservicio_rank_min3	0.000503243880043597	0.00182198329331575	0.00372988352449542
cproductos_max3	0.000501425873616635	0.00111976163131678	0.00158797901662666
Master_mconsumospesos_rank	0.000501210177536273	0.00156846928268826	0.000962034320263181
mtransferencias_emitidas_rank_delta1	0.000499114411472421	0.00125093977933217	0.00109807059660354
ctarjeta_master_transacciones_ratioavg3	0.000498432550844718	0.00171565965924823	0.000892682493109274
part_dolares_sald_delta2	0.000489964859180673	0.00100014504087422	0.000960256068284876
ccomisiones_otras_delta2	0.000489019338872688	0.00237865572766367	0.000964701698230639
ccajas_consultas_avg3	0.000475348448717392	0.000972638397131624	0.00039743931715124
matm_rank_delta2	0.000468143564806839	0.000877983652604531	0.00103938828131946
Master_fultimo_cierre_delta2	0.000467603131777742	0.000318426048718859	0.000879345603271984
mextraccion_autoservicio_rank_tend3	0.000464579412401888	0.00153175017804432	0.000891793367120121
mcuenta_debitos_automaticos_rank_delta2	0.000464396130060584	0.00192382439223364	0.000841113185738419
vm_fultimo_cierre_tend3	0.000461938994705434	0.000941100527600893	0.000820663287987908
vmr_msaldopesos_delta1	0.000461011958255047	0.00176517044643732	0.00114430514803948
mcuenta_debitos_automaticos_rank_lag2	0.000457427089426529	0.000831276685467492	0.000842002311727572
cproductos_lag3	0.000455259997090164	0.00081773408643569	0.00124033075486796
ccallcenter_transacciones	0.000453392240894699	0.00128774643859119	0.000643727216146528
Visa_Fvencimiento_delta3	0.000449917173114712	0.000296953857357731	0.000697074775495688
vm_status06_max3	0.000447420925810982	0.000175838093283027	0.000109362496665778
catm_trx_other_ratioavg3	0.000442742767306673	0.000632644013483346	0.000811772028096381
vmr_msaldototal_delta1	0.000434472110451638	0.00139785298546066	0.00119765270738864
Master_status_max3	0.000425996663088728	0.000361021985874899	0.000145816662221037
ctarjeta_visa_debitos_automaticos_max3	0.000421057778166328	0.000994247185192131	0.000702409531430604
ccheques_depositados_max3	0.000420529319001875	0.00325497482436546	0.000267626922734952
part_dolares_sald_tend3	0.000420095080960519	0.000988283049624248	0.00084822619365164
tcallcenter_max3	0.000419425811247454	0.000732962879166679	0.00112652262825642
vm_cconsumos_min3	0.000416461719491131	0.0010854568730349	0.000806437272161465
Visa_mpagado_rank_delta3	0.000402473566473465	0.00140674939205029	0.000677514003734329
mtarjeta_master_consumo_rank_ratioavg3	0.000401305951024178	0.000989941005090147	0.000834889303814351
mcuenta_debitos_automaticos_rank_lag1	0.000399863298033277	0.00053773527791732	0.000718413799235352
cpayroll_trx_lag3	0.000399730199158117	0.00146354061680802	0.000382324175335645
Master_cconsumos	0.00039283972595644	0.00100761338126023	0.000680181381701787
financiamiento_corto_caja_ahorro_delta1	0.000392532503641372	0.00078601507025162	0.000673068373788566
vm_status04_ratioavg3	0.000391473121886489	0.000681961507298655	0.000277407308615631
cpagomiscuentas_lag2	0.000390349532767736	0.000701023065792137	0.000786876500400107
ctransferencias_emitidas_tend3	0.000387422178099364	0.00250846411133775	0.000665066239886192
mtarjeta_master_consumo_rank_lag3	0.000383473786711065	0.00125610595682448	0.000780652618476038
mprestamos_rank_delta2	0.000377023936630259	0.00114015275257978	0.000399217569129546
cproductos_lag2	0.00037107373966206	0.000843789448645075	0.00129723481817374
ctarjeta_master_transacciones	0.000370489208529646	0.00277830748293282	0.000391215435227172
prestamos_caja_ahorro_lag3	0.000364807184949521	0.00090920619854342	0.00054414510536143
mprestamos_rank_lag2	0.000356848767335428	0.00105785703256152	0.000282742064550547
mprestamos_rank_delta1	0.000354438721547548	0.00204814623165858	0.000482795412109896
ccomisiones_mantenimiento_lag3	0.000348332585571163	0.00091196555249461	0.000428558726771584
vmr_mpagado_lag3	0.000331611541397355	0.00145418250307253	0.000593936160753979
ctarjeta_visa_debitos_automaticos_lag2	0.000328214366099125	0.00041410624478096	0.000532586467502445
mv_status07_rank_lag3	0.00032450405973848	0.00228555092383107	0.000588601404819063
vmr_msaldodolares_ratioavg3	0.000323291950041445	0.00209553323545501	0.000742420200942474
vm_mpagado_rank_delta3	0.000303680790500053	0.000990351777467454	0.000526362585578376
mcheques_depositados_rank_avg3	0.000290432398721174	0.0027430563226309	0.000256068284875967
catm_trx_other_max3	0.000280106582218804	0.00099000536833366	0.00049079754601227
ccajas_consultas	0.000279709814649127	0.000642216695321899	0.000167155685960701
ctarjeta_visa_debitos_automaticos_lag1	0.000278430721674476	0.000300253620578334	0.000473904152218369
Visa_mpagado_rank_lag1	0.000278038847626746	0.000977179701325112	0.000513025695741087
vm_status01_delta2	0.00026906630962229	5.51872587090087e-05	8.09104650128923e-05
thomebanking_lag3	0.000242646314604347	0.000186472954314248	0.000370765537476661
ccaja_seguridad_max3	0.000225758734560699	0.000136120018466054	4.89019294033965e-05
inversiones_caja_ahorro_total	0.0002253962257713	0.000730012963056958	0.000278296434604784
mtarjeta_master_consumo_rank_min3	0.000221743798837546	0.00179227330156792	0.000453454254467858
ctarjeta_visa_debitos_automaticos_tend3	0.000220116395314843	0.000607399450852802	0.000279185560593936
ccaja_ahorro_lag2	0.000207005245002763	0.000496100033745307	0.000409887080999378
inversion_antiguedad_lag3	0.000201127562683808	0.00212630708345751	0.000369876411487508
minversiones_total_rank_lag3	0.000193215707746767	0.000991819745767506	0.000309415844225127
ccuenta_debitos_automaticos_lag1	0.000192286384691815	0.000761372680687911	0.000365430781541745
matm_other_rank	0.000179097082556498	0.000780342348163156	0.000402774073086156
vmr_msaldodolares2_lag2	0.00017889863335897	0.00121297153902032	0.000391215435227172
vm_Fvencimiento_tend3	0.000171719562244888	0.000221120935312132	0.000296078954387837
vm_status05	0.000170609002263597	7.43168460243593e-05	0.000128034142437983
inversiones_saldo_total_min3	0.00016985701978083	0.00107441574373573	0.000240064017071219
vm_Fvencimiento_delta2	0.000167220347738967	0.000239185216912098	0.000294300702409531
mv_status07_rank_delta1	0.000165693454605021	0.000529734889613837	0.000310304970214279
ccallcenter_transacciones_lag2	0.00015784494500566	0.000746006300696083	0.000355650395661065
vm_mpagado_rank_delta1	0.000150460866513108	0.000418592876753457	0.000293411576420379
mtarjeta_visa_descuentos_rank_tend3	0.000135151646162887	0.00255524072446358	0.000181381701787143
Visa_cadelantosefectivo_max3	5.64075879743605e-05	0.000506015590908454	8.35778429803503e-05
vm_status01_delta1	5.22239145518264e-05	9.57593773462285e-05	8.1799591002045e-05
