Feature	Gain	Cover	Frequency
ctrx_quarter_normalizado	0.0923853792884743	0.00558263179864444	0.00293358366580615
ctrx_quarter_normalizado_max3	0.0905261002041663	0.00339877011267729	0.00249354611593523
financiamiento_total_saldo_total_avg3	0.0348795902025872	0.00361357469043842	0.00214151607603849
ctrx_quarter_normalizado_min3	0.0292628348578667	0.00507578687664306	0.00234686693264492
cpayroll_trx	0.0234101339361229	0.00377808083405207	0.00126144097629664
mconsumo_tarjeta_total_rank	0.0227280687488055	0.00393015425656343	0.00325627786904483
vm_status01_tend3	0.0212751378044636	0.00108358059204007	0.000264022529922553
mcuentas_saldo_rank	0.0178202365709717	0.00402913911796072	0.00448838300868341
mpayroll_sobre_edad_rank	0.0167156522778845	0.00677805005661425	0.0022881952593288
mpasivos_margen_rank	0.0130655996328991	0.00265186338424713	0.00208284440272237
mprestamos_rank	0.00943572766254221	0.00319786923819393	0.00111476179300634
ctrx_quarter_normalizado_ratioavg3	0.00886972198055868	0.00250637510308568	0.00381365876554799
mpayroll_rank_ratioavg3	0.00744394219434013	0.00536049324516036	0.00196550105609012
mfinanciamiento_corto_rank	0.0074299459454172	0.00107443146940366	0.00161347101619338
cpayroll_trx_min3	0.00727854575544204	0.0039422543157599	0.000821403426425722
mvolumen_total_rank	0.00695440018335213	0.00245702910344032	0.00196550105609012
foto_mes	0.00689213698730731	0.0133317470344987	0.00299225533912227
ctarjeta_visa_transacciones	0.0066868289588253	0.00138933668328075	0.00193616521943206
mprestamos_personales_rank	0.00647728089881604	0.00154330922338027	0.00111476179300634
mpayroll_rank	0.00616487217726407	0.00699869715288161	0.00272823280919972
ccomisiones_mantenimiento_delta2	0.00539396804755477	0.000875865669846999	0.000381365876554799
cdescubierto_preacordado_delta3	0.00536277695134606	0.00752296909564868	0.000968082609716029
ccomisiones_mantenimiento_delta3	0.00513191030902972	0.00161468383676508	0.000762731753109599
mprestamos_personales_rank_ratioavg3	0.00507855560029959	0.00967873097306699	0.0020535085660643
mrentabilidad_annual_rank_lag3	0.00473763068031797	0.00349270062962735	0.00525111476179301
mfinanciamiento_total_rank	0.00449291263945494	0.00169711106145068	0.00222952358601267
cproductos_delta2	0.00433622733998888	0.00104905852224458	0.000616052569819291
mcomisiones_mantenimiento_rank_max3	0.00431960665719098	0.00213224203651879	0.00208284440272237
mprestamos_personales_rank_min3	0.00431105485902917	0.00114213736950217	0.000498709223187045
ctarjeta_visa_transacciones_ratioavg3	0.00399603177411996	0.00688617184764587	0.00419502464210279
cdescubierto_preacordado_min3	0.00387191241911309	0.00158802349263164	0.000704060079793476
vm_mpagominimo_rank	0.00360171470089472	0.00297310090722345	0.00178948603614175
mcomisiones_otras_rank_lag3	0.00346172762204699	0.00151175787501615	0.00278690448251584
mcuentas_saldo_rank_ratioavg3	0.00345828092677689	0.0037276830154348	0.00513377141516076
vm_status06_delta3	0.00336943838590596	0.00045917281449066	0.000176015019948369
mvolumen_total_rank_delta3	0.00328816345790629	0.00171747268475477	0.00305092701243839
mcuentas_saldo_rank_delta3	0.00319522951237718	0.00228647937181443	0.00522177892513495
mactivos_margen_rank_lag2	0.0031211787632642	0.00169048312956516	0.00275756864585778
mcuentas_saldo_rank_tend3	0.00301099418205196	0.0013843357119747	0.0028162403191739
vm_status01_max3	0.00298457198174525	0.00133883533917412	0.000557380896503168
ctrx_quarter_ratioavg3	0.00294943539074004	0.00212399266541325	0.00384299460220606
mpasivos_margen_rank_max3	0.00291632543442956	0.00161651485758691	0.0024348744426191
msaldo_total_rank	0.00290965864477415	0.00139375791184638	0.00149612766956114
mprestamos_personales_rank_delta2	0.0028143421098179	0.00140543926795255	0.000645388406477353
mfinanciamiento_total_rank_lag1	0.00274324996714227	0.00256504299790636	0.00225885942267073
mrentabilidad_annual_rank_delta2	0.00260230593521042	0.00183261718487133	0.00481107721192208
mprestamos_rank_delta3	0.002521405449625	0.00219482779597016	0.000880075099741845
mtarjeta_visa_consumo_rank	0.00251375897567488	0.00368827753327785	0.00290424782914809
vm_msaldopesos_rank	0.00247785366275149	0.00119391805860065	0.00149612766956114
cliente_edad_lag3	0.00247551053768947	0.00436047244665949	0.00569115231166393
mcuentas_saldo_rank_delta1	0.00244652188715728	0.00225599870706694	0.0043417038253931
mprestamos_personales_rank_lag3	0.00241756245553636	0.00174640483823807	0.000498709223187045
mrentabilidad_annual_rank_lag1	0.00241473938744487	0.00293020408545197	0.00346162872565126
mactivos_margen_rank_delta3	0.00233438798431708	0.00450953051675074	0.00498709223187045
mdescubierto_rank	0.00230941838585417	0.00373887596128783	0.00390166627552218
mrentabilidad_annual_rank_delta3	0.00229785441327199	0.00218944309018355	0.00437103966205116
ctarjeta_visa_transacciones_delta3	0.00225587851552569	0.00151187083282787	0.00176015019948369
mactivos_margen_rank_min3	0.0022497852999196	0.00399291623940336	0.00354963623562544
Visa_msaldopesos_rank	0.00224398953836672	0.0013688811968663	0.00208284440272237
mcomisiones_otras_rank_delta3	0.00223954176816367	0.000666852538017347	0.00214151607603849
cliente_edad	0.00217157631779318	0.00300608665875683	0.00442971133536728
mrentabilidad_annual_rank_max3	0.00215582903888894	0.00164527561887115	0.00287491199249003
mcuentas_saldo_rank_delta2	0.00207748800834454	0.00310964182542443	0.00407768129547055
antiguedad_relativa	0.00206423593585045	0.00290082654230778	0.00442971133536728
mactivos_margen_rank	0.00204120127336701	0.00470825206465473	0.00272823280919972
thomebanking_ratioavg3	0.00198708509821899	0.00272144355581636	0.00146679183290307
mrentabilidad_annual_rank_lag2	0.00196492270134585	0.00205889790821306	0.00316827035907064
mrentabilidad_annual_rank_delta1	0.0019559351979864	0.00170995811456705	0.00363764374559962
ccomisiones_mantenimiento_delta1	0.00193724304890633	0.00155782533744178	0.000469373386528984
mactivos_margen_rank_ratioavg3	0.00192506247229255	0.00201930907091161	0.00407768129547055
ccomisiones_mantenimiento_ratioavg3	0.00192380233196557	0.00502657338962408	0.0015254635062192
Visa_fechaalta_min3	0.00191863576368324	0.00098830447378496	0.00231753109598686
prestamos_caja_ahorro	0.00191845253506021	0.00310947641469809	0.00123210513963858
ccaja_ahorro	0.00190938867554938	0.0062711282956941	0.00123210513963858
thomebanking	0.00189048025378442	0.000545156024707471	0.00058671673316123
mpasivos_margen_rank_ratioavg3	0.00186425968403094	0.00340971827826214	0.00369631541891575
vm_Fvencimiento_delta3	0.00185243093343856	0.000580482142470327	0.00129077681295471
mtransferencias_recibidas_rank	0.00184790660378023	0.00318794459461389	0.00272823280919972
cproductos_ratioavg3	0.00183984504733047	0.00483984699508734	0.00117343346632246
mcaja_ahorro_rank	0.00183332098188573	0.00268392683869863	0.0026695611358836
numero_de_cliente	0.00183204480139412	0.00412430204834747	0.00410701713212861
antiguedad_relativa_delta3	0.00182623654849442	0.0021406772933919	0.00466439802863178
Master_Fvencimiento_lag3	0.00182585806290326	0.00301855342824228	0.00390166627552218
mtransferencias_emitidas_rank_ratioavg3	0.00181900382080975	0.0031704469464588	0.00375498709223187
ctrx_quarter_delta3	0.00180886115467378	0.00294525048007565	0.00381365876554799
ctrx_quarter	0.00180210832550007	0.00304825351079999	0.0028162403191739
mrentabilidad_annual_rank_tend3	0.00179855591503407	0.00236232559616969	0.00337362121567707
mcaja_ahorro_rank_max3	0.00179713932176815	0.00276051729629407	0.0022881952593288
Visa_fechaalta	0.00178876540532442	0.00202612150822483	0.00316827035907064
Master_fechaalta_lag2	0.00178712514687308	0.0026021009820779	0.00410701713212861
Visa_msaldototal_rank	0.00177747418400222	0.00135665345623295	0.0022881952593288
Visa_mfinanciacion_limite_rank_delta3	0.0017738071657979	0.0048220459022201	0.00437103966205116
mcomisiones_mantenimiento_rank_delta3	0.00176042768240557	0.00231934020259065	0.00211218023938043
chomebanking_transacciones_ratioavg3	0.00175446936417399	0.00161752365596657	0.00419502464210279
mrentabilidad_annual_rank_min3	0.00175274689867472	0.00153805864061654	0.00222952358601267
cliente_antiguedad	0.00174907943260773	0.00345270850303069	0.00381365876554799
mcomisiones_otras_rank_lag2	0.00173700046077291	0.00103853987241225	0.00275756864585778
mcaja_ahorro_dolares_rank_ratioavg3	0.00173114450371262	0.0033044956610459	0.00375498709223187
part_dolares_total_ratioavg3	0.00171858135119685	0.00259837659508399	0.00363764374559962
Master_fechaalta_ratioavg3	0.00171853939826819	0.00198140171761403	0.00354963623562544
mactivos_margen_rank_delta2	0.00171368065258041	0.00357292414172942	0.00381365876554799
mcaja_ahorro_rank_ratioavg3	0.00171280204670563	0.00214608799557917	0.00349096456230932
Master_mfinanciacion_limite_rank_delta3	0.00169369882573775	0.00180979602599667	0.00410701713212861
ccaja_seguridad_avg3	0.00169282744254165	0.00145555135621918	0.000322694203238676
vm_fechaalta	0.00166867953116034	0.00119875269895379	0.00269889697254166
vmr_msaldopesos_ratioavg3	0.00166534967922354	0.00193496685472949	0.00331494954236095
Visa_fechaalta_lag3	0.00164013422787794	0.00133853120429204	0.00325627786904483
mcomisiones_mantenimiento_rank	0.00162014929444694	0.00317479777769166	0.00199483689274818
vm_fechaalta_lag3	0.00160626309463531	0.00170450255133438	0.0024348744426191
mcuenta_debitos_automaticos_rank	0.00160496916874592	0.00360006093317056	0.00161347101619338
Master_fechaalta_lag1	0.00160404362798828	0.001944753924437	0.00346162872565126
Master_Fvencimiento_avg3	0.0016031719034012	0.00199531186247782	0.00346162872565126
mcuentas_saldo_rank_min3	0.00160092636788603	0.00244589390180468	0.00413635296878667
cliente_edad_avg3	0.00159961610257648	0.00439687568962498	0.00366697958225769
mvolumen_total_rank_delta2	0.00158782074847733	0.00130883250207419	0.0026695611358836
antiguedad_relativa_max3	0.00158489394187737	0.00306232193463417	0.00349096456230932
mcaja_ahorro_total_rank	0.00158463244043217	0.000560260163548547	0.0015254635062192
mtransferencias_recibidas_rank_ratioavg3	0.00158327613285013	0.00138159872809265	0.00363764374559962
mcomisiones_otras_rank_lag1	0.00154841502118271	0.00244753374555616	0.00275756864585778
mrentabilidad_rank	0.00154485196953985	0.00334219826393119	0.00302159117578033
ctrx_quarter_normalizado_delta1	0.00151699483451443	0.00129092328258473	0.00299225533912227
chomebanking_transacciones	0.00151679473698963	0.00331453464277753	0.00284557615583196
mcomisiones_mantenimiento_rank_avg3	0.00151488614557965	0.00232164421987053	0.00176015019948369
mcomisiones_otras_rank_min3	0.00151053854254142	0.00117681817838134	0.00178948603614175
chomebanking_transacciones_max3	0.00150117115931995	0.00179029826538713	0.00296291950246421
Master_Fvencimiento_max3	0.00149675109625531	0.00327999623896038	0.0031976061957287
ctrx_quarter_delta1	0.00149224133578133	0.0022201165423979	0.00343229288899319
cliente_edad_lag2	0.00147805292582742	0.00319268284123361	0.00340295705233513
chomebanking_transacciones_delta3	0.00145273584421602	0.0018797435980248	0.00354963623562544
Visa_Fvencimiento_lag3	0.00144943335829342	0.0012546711868337	0.00313893452241258
mactivos_margen_rank_lag1	0.00144302464198668	0.00175547551155921	0.00255221778925135
Master_mfinanciacion_limite_rank_delta2	0.00143341495649244	0.00137433445953253	0.00352030039896738
mdescubierto_rank_lag1	0.00143224927688066	0.00201936060359965	0.00249354611593523
mcaja_ahorro_rank_min3	0.00141224290037477	0.0019913420050458	0.00390166627552218
mpasivos_margen_rank_lag2	0.00140846145866444	0.00144845963014133	0.0028162403191739
mrentabilidad_rank_delta3	0.00138666777065915	0.00242816619700657	0.00328561370570289
mttarjeta_visa_debitos_automaticos_rank_lag3	0.00138657289885258	0.00294196849200627	0.00261088946256747
ctrx_quarter_normalizado_tend3	0.0013796912484566	0.00256601084620356	0.00258155362590941
ccallcenter_transacciones_delta3	0.00137286782570961	0.00225292031912664	0.000762731753109599
cproductos_delta3	0.00137004934785256	0.00167069250684905	0.000674724243135414
chomebanking_transacciones_delta1	0.00136306591002026	0.00302210067162106	0.00246421027927717
vmr_msaldopesos2_ratioavg3	0.0013590052895505	0.003026655102983	0.00346162872565126
Master_status_max3	0.00135713632041015	0.000116433277430781	8.80075099741845e-05
mtransferencias_recibidas_rank_avg3	0.00135159960771152	0.0027663977741464	0.00328561370570289
mrentabilidad_rank_lag2	0.0013483067911335	0.00145797753357651	0.00287491199249003
mcomisiones_rank_delta2	0.00134214731176437	0.00144765397177746	0.00252288195259329
mcomisiones_rank_min3	0.001341975983459	0.00221443690399493	0.00310959868575452
antiguedad_relativa_lag3	0.00133151511945851	0.00197286247513828	0.00313893452241258
mrentabilidad_annual_rank_avg3	0.00132924466278916	0.00111698711717354	0.00155479934287726
mpasivos_margen_rank_lag1	0.00131879521408536	0.00139372685419957	0.00234686693264492
ctarjeta_visa_transacciones_min3	0.00131082715118742	0.00233150904872339	0.00258155362590941
ccaja_seguridad	0.00130266551651124	0.00216963199242621	0.000440037549870922
cproductos	0.0013020970381901	0.00297238013976086	0.00310959868575452
Master_Fvencimiento_lag1	0.00130063073987373	0.00169295117723152	0.00290424782914809
mprestamos_rank_lag1	0.00128812642816935	0.000440836379815101	0.00058671673316123
mcomisiones_rank_delta3	0.00128596882901839	0.00113391583525043	0.00293358366580615
ctrx_quarter_lag3	0.0012858775727409	0.000898598256914097	0.00208284440272237
mcuentas_saldo_rank_lag1	0.00128376821981533	0.00175635041697263	0.00278690448251584
mcomisiones_rank_delta1	0.00128035512126785	0.00246041369677248	0.0026695611358836
vm_Fvencimiento_lag3	0.00127764141390232	0.00238663775214779	0.00269889697254166
ccomisiones_otras_avg3	0.00127648041113958	0.00201073439971284	0.00296291950246421
mcuenta_corriente_rank_min3	0.00126484716334033	0.00159775028749868	0.00261088946256747
mcomisiones_otras_rank_delta1	0.00126173245885659	0.00277269442446596	0.00261088946256747
Master_mlimitecompra_rank_delta3	0.00126113596584424	0.00247413381484913	0.00322694203238676
vm_mlimitecompra_rank_delta3	0.00123910697493051	0.00153057167722598	0.00310959868575452
vm_Fvencimiento	0.001233943855598	0.00166419317662699	0.00237620276930298
Visa_mfinanciacion_limite_rank_lag3	0.00123170431474361	0.00132151851554044	0.00269889697254166
Visa_mpagospesos_rank_delta3	0.00123045157714808	0.00176501872122512	0.00293358366580615
mautoservicio_rank	0.00122990974294252	0.00404696666734191	0.00246421027927717
Visa_mfinanciacion_limite_rank_delta2	0.00122785704810566	0.00118302372627027	0.00316827035907064
mactivos_margen_rank_avg3	0.00122604361250387	0.00225849160085075	0.00217085191269655
mrentabilidad_rank_delta2	0.0012210774381978	0.00208423841738547	0.0028162403191739
mvolumen_total_rank_delta1	0.00121192624641125	0.00154686520891149	0.0028162403191739
mfinanciamiento_total_rank_lag3	0.00120555630946314	0.00271903831361354	0.00143745599624501
Visa_mpagospesos_rank_lag3	0.00120497806275378	0.00180492411646736	0.00287491199249003
antiguedad_relativa_delta2	0.00118849646616693	0.00139965748440008	0.00264022529922553
thomebanking_max3	0.00118325653771113	0.000276780917165135	0.000557380896503168
mcomisiones_rank_lag3	0.00118036327857838	0.00189560830412772	0.0026695611358836
mactivos_margen_rank_lag3	0.0011796787780196	0.00224091757389017	0.0024348744426191
chomebanking_transacciones_avg3	0.00117833828387222	0.00175159215542497	0.00275756864585778
mrentabilidad_rank_min3	0.00117212507424084	0.00144199687892551	0.00220018774935461
Visa_mlimitecompra_rank_delta2	0.00116709242862753	0.00180596627306026	0.00328561370570289
cproductos_delta1	0.00116698917774427	0.000663028536497007	0.000322694203238676
Visa_mpagominimo_rank	0.00115014162733725	0.00139626529919869	0.00187749354611594
chomebanking_transacciones_lag2	0.00114229894063214	0.00142764893627005	0.00293358366580615
Visa_mlimitecompra_rank_delta3	0.00114135897228193	0.00143926955742246	0.00308026284909646
mcomisiones_rank_avg3	0.0011386652917314	0.00107755379816278	0.00196550105609012
mttarjeta_visa_debitos_automaticos_rank_delta2	0.00113716276071332	0.00191430040637339	0.00214151607603849
Visa_Fvencimiento_lag1	0.00113500823599613	0.00211165817849753	0.0026695611358836
mcomisiones_mantenimiento_rank_ratioavg3	0.00113280082750591	0.00177540761911078	0.00237620276930298
ctrx_quarter_max3	0.0011291900195324	0.00335949185184393	0.0020535085660643
mactivos_margen_rank_max3	0.00112499036343862	0.00211874645372574	0.00272823280919972
cliente_edad_max3	0.00112353296873951	0.00243485992509198	0.0024348744426191
ccomisiones_otras_ratioavg3	0.00112349591030583	0.00177383357155921	0.0024348744426191
mcomisiones_otras_rank_max3	0.00110845875571749	0.00246807619338167	0.00252288195259329
Master_mlimitecompra_rank	0.00110827692832633	0.00119879065829989	0.00234686693264492
vmr_mpagominimo	0.00110790884986699	0.0011830672069758	0.00132011264961277
mcaja_ahorro_rank_avg3	0.00110083476303701	0.0012352297901017	0.00217085191269655
financiamiento_corto_saldo_total_max3	0.00109660594948224	0.00149599278343967	0.001906829382774
mpasivos_margen_rank_delta3	0.00109218631876574	0.00240977776952969	0.0028162403191739
Master_mfinanciacion_limite_rank_lag3	0.00108706915114379	0.00112333368978463	0.00240553860596104
cdescubierto_preacordado	0.00108502207594821	0.0010138007313047	0.000528045059845107
ccajas_consultas_delta3	0.00108048188560174	0.00293950872637906	0.000469373386528984
mdescubierto_rank_lag2	0.00107891163453077	0.00133689872235315	0.0020535085660643
mvolumen_total_rank_lag3	0.00107785563761442	0.00160466118905511	0.00202417272940624
Master_mlimitecompra_rank_lag1	0.00107633720876059	0.000804987978811123	0.00222952358601267
Visa_mconsumospesos_rank_lag1	0.00106989549566257	0.00149257437178098	0.00284557615583196
ctrx_quarter_normalizado_lag3	0.00106363108773104	0.00218476810914067	0.00258155362590941
mpagomiscuentas_rank	0.00106291906887796	0.00516505092464603	0.00184815770945787
Master_mlimitecompra_rank_lag2	0.00106285040330601	0.000941232584055886	0.00249354611593523
mactivos_margen_rank_delta1	0.00106055672959809	0.00170272490365374	0.00252288195259329
msaldo_total_rank_delta1	0.00104698396089955	0.0016812385334219	0.00252288195259329
mprestamos_personales_rank_lag1	0.00104312584045991	0.000549437148777498	0.000293358366580615
mcuentas_saldo_rank_lag2	0.00104097275669292	0.000825348681888646	0.00181882187279981
Visa_mfinanciacion_limite_rank_delta1	0.00103622294755591	0.00103800959185008	0.00278690448251584
ccallcenter_transacciones_ratioavg3	0.00103002965253245	0.00116722297591411	0.000968082609716029
cmobile_app_trx_max3	0.00103000584001153	0.003396204060881	0.001906829382774
vm_Fvencimiento_avg3	0.00102856328641291	0.00203213472876018	0.00214151607603849
mrentabilidad_rank_lag3	0.00102189214696452	0.00190208876970505	0.00211218023938043
mcaja_ahorro_total_rank_delta3	0.00101777460256501	0.00134172278010071	0.00225885942267073
Visa_status	0.00101679340574865	0.000172142873878821	5.8671673316123e-05
mcaja_ahorro_rank_lag3	0.0010138580210526	0.00222310704870056	0.00237620276930298
vm_Fvencimiento_lag1	0.00101102798853668	0.00266366667037411	0.00202417272940624
vm_fechaalta_ratioavg3	0.00100404541453212	0.00188919662548665	0.00225885942267073
Visa_mfinanciacion_limite_rank_lag2	0.00100322920645392	0.00102398188804171	0.00214151607603849
mrentabilidad_rank_ratioavg3	0.00100128167495188	0.00221115974711506	0.00249354611593523
mcuentas_saldo_rank_max3	0.000999542597077433	0.00102429154428322	0.00181882187279981
mcomisiones_otras_rank_ratioavg3	0.000993107978937819	0.00104064857160221	0.00240553860596104
ctarjeta_debito_transacciones_ratioavg3	0.000992317243385256	0.00406654080675694	0.00264022529922553
mcomisiones_rank_lag2	0.000989633315335106	0.000680864137860703	0.0020535085660643
Visa_mpagominimo_rank_lag3	0.000989453309649069	0.00229542075330219	0.00220018774935461
Visa_msaldototal_rank_delta3	0.000989127287098169	0.00112392240473413	0.00237620276930298
Master_mlimitecompra_rank_delta1	0.000985907023389967	0.00119306523862496	0.00249354611593523
mcuenta_corriente_rank_lag3	0.000985580626346274	0.00117876054661839	0.0015254635062192
Master_mlimitecompra_rank_delta2	0.00098471558133992	0.00389571523721607	0.00264022529922553
vm_fultimo_cierre_ratioavg3	0.000983108014051894	0.00107750548626774	0.0024348744426191
mcomisiones_rank_ratioavg3	0.000978188380843349	0.000911258964149619	0.00178948603614175
Visa_mpagominimo_rank_lag1	0.000975682261454246	0.00201904611616864	0.00173081436282563
Master_mfinanciacion_limite_rank_delta1	0.000974184730415482	0.00139536094653497	0.00275756864585778
part_dolares_total_lag2	0.000973946899009659	0.000949155044671693	0.00225885942267073
ccajas_consultas_ratioavg3	0.000972090853159432	0.000823920490248755	0.000410701713212861
Visa_mpagospesos_rank_delta2	0.00097180233606894	0.00106601369683542	0.00258155362590941
vmr_msaldopesos2_avg3	0.000969424341644838	0.0030174958578543	0.00222952358601267
Master_mfinanciacion_limite_rank	0.000967732510553392	0.00195766723386657	0.00222952358601267
mcuentas_saldo_rank_lag3	0.000963869579571413	0.00106010906303558	0.00222952358601267
mpasivos_margen_rank_lag3	0.00096203605198873	0.00124658101492513	0.00240553860596104
cliente_edad_lag1	0.000960675102913015	0.00218370179660025	0.00240553860596104
Visa_Fvencimiento	0.000957728921487416	0.00129442014355869	0.0022881952593288
Visa_mpagominimo_rank_delta2	0.00095520315726203	0.00109216469556121	0.00252288195259329
mrentabilidad_rank_lag1	0.000954961689022285	0.000775249706850668	0.00225885942267073
vm_Fvencimiento_lag2	0.000951360784458055	0.00172406817865362	0.00196550105609012
cproductos_avg3	0.000945435683767549	0.0021391833055521	0.00284557615583196
vmr_msaldopesos2_lag2	0.000942228865462182	0.00110219516519704	0.00208284440272237
Master_Fvencimiento	0.000940058048412016	0.00275016060633843	0.00237620276930298
Visa_cconsumos_ratioavg3	0.000939351961859785	0.00252478262526393	0.00255221778925135
ccomisiones_otras_lag1	0.000937003184520989	0.00120584143429528	0.00161347101619338
cpayroll_trx_max3	0.00093672180375726	0.000850070108634684	0.000440037549870922
Visa_mconsumospesos_rank_delta3	0.000934827053081917	0.00227407655807574	0.00252288195259329
ccomisiones_mantenimiento_avg3	0.000934535845378065	0.00562942601000538	0.000968082609716029
mpasivos_margen_rank_delta1	0.00092912338999643	0.00145696183349756	0.00252288195259329
mpayroll_rank_delta3	0.000924661015247544	0.00397407851130265	0.00129077681295471
Visa_Fvencimiento_max3	0.000919023573371254	0.00102658543907081	0.00220018774935461
vmr_msaldototal_delta3	0.000916986353443158	0.00111035619455166	0.00199483689274818
Visa_cconsumos_tend3	0.00091587082442243	0.00363005272755163	0.00199483689274818
mttarjeta_visa_debitos_automaticos_rank_max3	0.000912547620395994	0.00117400619603367	0.00184815770945787
vmr_mpagominimo_lag2	0.000907803293019431	0.00145006772607607	0.00137878432292889
msaldo_total_rank_delta2	0.00090620807374954	0.000957667370520211	0.00217085191269655
Visa_Fvencimiento_min3	0.000903597099287018	0.00113977882879789	0.00184815770945787
Visa_fechaalta_lag1	0.000903130838344521	0.000968994669452768	0.00217085191269655
mrentabilidad_rank_tend3	0.000902636127693447	0.00177608766654756	0.00231753109598686
vmr_msaldopesos2_max3	0.000901341055373028	0.00165912180798818	0.00208284440272237
Visa_mpagominimo_rank_delta3	0.000900725142809492	0.000562608351703889	0.00164280685285144
Visa_mpagospesos_rank_delta1	0.0008969011608576	0.0026575066737005	0.00240553860596104
mtarjeta_visa_consumo_rank_delta3	0.000894298047491193	0.000932276478942975	0.00178948603614175
Visa_mlimitecompra_rank_delta1	0.000894060478874782	0.000815116682633526	0.00246421027927717
mcuentas_saldo_rank_avg3	0.000890954246236287	0.00218995381593106	0.00211218023938043
Visa_cconsumos_max3	0.000887346173292858	0.00138131644859166	0.0020535085660643
vm_fultimo_cierre_delta3	0.000885870856967174	0.000961455713260882	0.00140812015958695
antiguedad_relativa_delta1	0.000883905825543631	0.00111342169931996	0.00225885942267073
vm_fechaalta_lag2	0.000883487234748443	0.000833978106568464	0.00196550105609012
mcomisiones_rank_lag1	0.000876468419445557	0.00162849505727236	0.0020535085660643
vm_fechaalta_lag1	0.000870442342070513	0.00087045151681008	0.00193616521943206
Visa_mconsumospesos_rank	0.000869933708192903	0.00105559489158617	0.00220018774935461
Visa_Fvencimiento_lag2	0.000861847484761515	0.000761057972655824	0.00170147852616757
mcomisiones_mantenimiento_rank_lag1	0.000859211711718321	0.00119570352820716	0.0016721426895095
Visa_mlimitecompra_rank_lag2	0.000857363418413616	0.00103602512324736	0.00196550105609012
mconsumo_tarjeta_total_rank_delta3	0.000853286943143978	0.00160062323485676	0.00208284440272237
financiamiento_corto_caja_ahorro_min3	0.000853284127017399	0.00478190239835233	0.00158413517953532
Master_fultimo_cierre_min3	0.000852037788504199	0.00104359674748255	0.00193616521943206
mcaja_ahorro_rank_delta3	0.000850949334638373	0.00168135333168677	0.0022881952593288
mtransferencias_emitidas_rank_lag3	0.000845339294991172	0.00430882311990417	0.00231753109598686
Visa_msaldototal_rank_delta2	0.000841611440341804	0.00111718243526346	0.00196550105609012
vmr_msaldopesos2	0.000836718546478415	0.00112974283780263	0.00202417272940624
mcomisiones_mantenimiento_rank_lag3	0.000834250092657612	0.00103636583713568	0.00155479934287726
vmr_mpagospesos_lag3	0.000834123828748854	0.00131922370052628	0.00181882187279981
mcomisiones_rank_max3	0.000826900028618783	0.00204289194733133	0.00199483689274818
ccallcenter_transacciones_max3	0.000821789747198908	0.00238464822229892	0.00129077681295471
part_dolares_total_max3	0.000818360244057191	0.00411376775466341	0.00187749354611594
mcaja_ahorro_rank_lag1	0.000812126676989835	0.0011856606355126	0.00173081436282563
mdescubierto_rank_lag3	0.000809262025210035	0.00120173331282081	0.0016721426895095
vm_mfinanciacion_limite_rank_lag3	0.000805360877382124	0.000762418527642666	0.0016721426895095
mcaja_ahorro_dolares_rank_delta2	0.000801146658891637	0.00449539169558379	0.00176015019948369
financiamiento_total_saldo_total	0.000800371305589739	0.00145154376949771	0.00184815770945787
mcuenta_debitos_automaticos_rank_ratioavg3	0.000796054971493528	0.00141785956599611	0.00161347101619338
vm_cconsumos_ratioavg3	0.000790031759897628	0.000930496530695901	0.00211218023938043
prestamos_saldo_total_ratioavg3	0.000789323314667847	0.00398305118049386	0.00108542595634827
vmr_msaldopesos2_delta3	0.000784897194147131	0.00178460459352894	0.00199483689274818
mfinanciamiento_corto_rank_delta2	0.000783895779142956	0.00136593532155238	0.00155479934287726
mautoservicio_rank_max3	0.000781946580946288	0.00315750557011879	0.00217085191269655
mrentabilidad_rank_max3	0.000781748010365355	0.000970876532792701	0.00184815770945787
ctransferencias_recibidas_lag3	0.000778809566047575	0.00160471502230958	0.00178948603614175
mautoservicio_rank_lag3	0.000778303993482576	0.00304341795022028	0.0024348744426191
vm_mpagominimo_rank_lag3	0.000777306715422025	0.000677693957319837	0.00123210513963858
vmr_mpagospesos_ratioavg3	0.000774651858677707	0.00101013063767854	0.00217085191269655
tcallcenter_delta3	0.000772172996585052	0.000658073576519564	0.000322694203238676
mcuenta_corriente_rank_delta2	0.000771653079789858	0.00124546178935682	0.00155479934287726
financiamiento_total_saldo_total_lag3	0.000771327061431452	0.00127367846668031	0.00146679183290307
mpayroll_sobre_edad_rank_lag3	0.00077107603313492	0.00273262614912045	0.00193616521943206
ccajas_transacciones_ratioavg3	0.000769510678794267	0.00125319652375192	0.000880075099741845
mcuenta_corriente_rank_lag2	0.000764865456085132	0.00458554468245541	0.00132011264961277
Visa_cconsumos_avg3	0.000764785750423248	0.001406362485261	0.00173081436282563
Visa_cconsumos_min3	0.000758772148750303	0.000703865891200139	0.00170147852616757
ctarjeta_visa_debitos_automaticos_ratioavg3	0.000754651662931184	0.00101398960780862	0.001906829382774
Visa_cconsumos_lag3	0.000754122072997329	0.000717800882181369	0.00170147852616757
tcallcenter_ratioavg3	0.000747171049258927	0.00116954861851844	0.000968082609716029
mdescubierto_rank_delta3	0.000745030646424714	0.00214843848430094	0.00137878432292889
vmr_mpagominimo_delta3	0.000740745395609841	0.00350354711017599	0.00181882187279981
mfinanciamiento_corto_rank_lag2	0.000738086973577779	0.000666185603809221	0.00134944848627083
mfinanciamiento_corto_rank_lag1	0.000737928312263643	0.000733333616548398	0.000968082609716029
Visa_msaldopesos_rank_lag1	0.000733586490048259	0.00224759818874693	0.00164280685285144
mcaja_ahorro_rank_lag2	0.000731513396262718	0.00104575789958712	0.0020535085660643
ccallcenter_transacciones_avg3	0.000729850408940326	0.00383152575290618	0.00178948603614175
mpayroll_rank_max3	0.000727687631675818	0.00465343991917113	0.00193616521943206
mtransferencias_recibidas_rank_tend3	0.000727050532118703	0.00120794162138945	0.00146679183290307
financiamiento_corto_saldo_total_tend3	0.000723757606900142	0.000824907893360613	0.00176015019948369
mconsumo_tarjeta_total_rank_lag1	0.000722294971344068	0.000862729435530347	0.0016721426895095
financiamiento_corto_saldo_total	0.000722109748856525	0.00110118820727053	0.00161347101619338
Visa_cconsumos_lag1	0.000716449229992932	0.000857787358724913	0.0015254635062192
mextraccion_autoservicio_rank_delta3	0.000716318773674381	0.00225913184848828	0.00155479934287726
Visa_fultimo_cierre_lag3	0.000715908278743065	0.00263443728370802	0.00173081436282563
vmr_Visa_mlimitecompra_max3	0.000715782140340175	0.000722199565195982	0.00149612766956114
mcuenta_corriente_rank_max3	0.000707270830275207	0.00277693781924653	0.00123210513963858
minversiones_total_rank	0.000704046783847464	0.0059030086797192	0.00079206758976766
mfinanciamiento_corto_rank_delta3	0.000700077819142711	0.00274165656252906	0.00126144097629664
mpayroll_sobre_edad_rank_delta3	0.00069969527112516	0.00189623934949953	0.00146679183290307
mtransferencias_emitidas_rank_min3	0.00069701808901985	0.00314963717281409	0.00187749354611594
mcomisiones_rank	0.000696886530550647	0.00163094953159678	0.00143745599624501
ctarjeta_visa_debitos_automaticos_avg3	0.000695398905903383	0.00109195810469578	0.00158413517953532
mrentabilidad_annual_rank	0.000695209945101374	0.00193285286423675	0.00176015019948369
mcomisiones_mantenimiento_rank_delta2	0.000692559761683116	0.00254153949102849	0.00123210513963858
mtarjeta_visa_consumo_rank_delta1	0.000690405319229654	0.00198043432943012	0.00178948603614175
ccomisiones_otras_min3	0.000688340037265404	0.0012357655920233	0.00176015019948369
mpasivos_margen_rank_min3	0.000687550625568612	0.00168508669088976	0.00234686693264492
Visa_mpagominimo_rank_lag2	0.000683072086054919	0.00119547600218721	0.00178948603614175
mpasivos_margen_rank_avg3	0.000669338835063342	0.00108055718763745	0.00170147852616757
mprestamos_rank_lag3	0.00066587416483737	0.00204463439634559	0.000674724243135414
mcomisiones_otras_rank_avg3	0.000664030383048199	0.000953436858911649	0.00132011264961277
mtransferencias_recibidas_rank_delta2	0.00066374742222703	0.00119660373985131	0.00161347101619338
vmr_mpagominimo_max3	0.000662784558093422	0.00196612112532776	0.00149612766956114
mcomisiones_mantenimiento_rank_tend3	0.000661621258125357	0.00209738477419442	0.00137878432292889
financiamiento_corto_caja_ahorro_avg3	0.000661005074087453	0.00196761557328084	0.00123210513963858
mrentabilidad_rank_avg3	0.00066000956963746	0.000509489423112939	0.00149612766956114
inversion_antiguedad_ratioavg3	0.000659368795481473	0.00150037697288577	0.000674724243135414
vm_mfinanciacion_limite_rank	0.000657486112833582	0.000867322286351672	0.00161347101619338
financiamiento_total_ahorro_tend3	0.000649569123770399	0.00147129413230129	0.00129077681295471
msaldo_total_rank_delta3	0.000648039145791189	0.000507025516466155	0.00155479934287726
mfinanciamiento_corto_rank_lag3	0.000647450476564761	0.00289596843617704	0.00149612766956114
Visa_cconsumos_delta3	0.000641645809467328	0.000815573575126571	0.00140812015958695
financiamiento_total_ahorro_lag3	0.000639272928196236	0.00187998676789648	0.00117343346632246
vm_Fvencimiento_min3	0.000637130230377567	0.000840421993139557	0.00143745599624501
financiamiento_corto_saldo_total_delta3	0.000636741474709463	0.00106074678005004	0.00123210513963858
mttarjeta_visa_debitos_automaticos_rank	0.000633705908989349	0.000845882387561724	0.00155479934287726
vm_mlimitecompra_rank_lag3	0.000632813767527087	0.000783344479892099	0.00117343346632246
financiamiento_corto_saldo_total_min3	0.000632091434989877	0.00198061331349839	0.00149612766956114
mfinanciamiento_total_rank_delta2	0.000625515677515963	0.00111851308288671	0.000762731753109599
ccallcenter_transacciones	0.00062512757950448	0.00215444089217407	0.00058671673316123
mcaja_ahorro_dolares_rank_lag1	0.000620245513399761	0.000905819504881967	0.0016721426895095
mcomisiones_rank_tend3	0.000617354880926828	0.000903177994506769	0.00140812015958695
financiamiento_total_saldo_total_lag2	0.000616193615900922	0.000810314480267049	0.00129077681295471
vm_mlimitecompra_rank_lag1	0.000614670349345284	0.000721008101841762	0.00117343346632246
mfinanciamiento_total_rank_delta3	0.000612001561598852	0.00166872828323092	0.0011440976296644
mcuenta_corriente_rank_delta3	0.000610878170214725	0.000962871711898693	0.00132011264961277
vmr_mpagospesos	0.000610712945832563	0.00126925263698183	0.00134944848627083
mautoservicio_rank_lag2	0.000609360360005277	0.000920025272532036	0.001906829382774
vmr_Visa_mlimitecompra_lag3	0.000609111605312555	0.000764067803716502	0.00126144097629664
mextraccion_autoservicio_rank_delta2	0.000606820627985401	0.00137279998172356	0.00149612766956114
ccaja_seguridad_lag2	0.000605155673636041	0.000184819455022711	0.000117343346632246
vmr_mpagospesos_min3	0.000604777667037697	0.000860521581927249	0.00132011264961277
vmr_msaldopesos_lag1	0.00060164860806209	0.000653291159024388	0.000968082609716029
cpayroll_trx_avg3	0.000600719990346348	0.00277251935136061	0.00105609011969021
vmr_mpagominimo_avg3	0.000596465555911033	0.00147345574451914	0.00117343346632246
mcaja_ahorro_total_rank_lag3	0.000595472443208978	0.00073515520504786	0.0016721426895095
vm_mpagominimo_rank_lag2	0.000594006001135978	0.00162338733968395	0.00102675428303215
msaldo_total_rank_lag3	0.00058797449683862	0.000556885692708676	0.00129077681295471
mprestamos_rank_delta2	0.000587204869228874	0.00129530402118118	0.000616052569819291
catm_trx_ratioavg3	0.000585854925615696	0.00288294262904904	0.00170147852616757
financiamiento_total_ahorro_max3	0.000582003184411831	0.00152801505775206	0.00105609011969021
ccajas_consultas_avg3	0.000580772568531391	0.000643303479924158	0.000381365876554799
ctarjeta_visa_transacciones_avg3	0.000579059859047986	0.00149806260305695	0.00161347101619338
vm_fultimo_cierre_max3	0.000578712531159843	0.00292269434645375	0.0011440976296644
mcomisiones_mantenimiento_rank_lag2	0.000578017483487596	0.0012979729082969	0.00102675428303215
Visa_mconsumospesos_rank_delta2	0.000576179650742085	0.00183723695231989	0.00178948603614175
Master_msaldototal_rank	0.000576018918011858	0.0019605976953854	0.00129077681295471
vmr_Master_mlimitecompra_lag2	0.000575160115842844	0.000809145792520489	0.00132011264961277
ctarjeta_debito	0.000571344832721168	0.000864802015827348	0.00129077681295471
vm_mconsumospesos_rank_lag3	0.000570879134599721	0.000627942367812824	0.000997418446374091
ctarjeta_visa_transacciones_delta1	0.000564667738602922	0.0056527944736338	0.00181882187279981
vmr_mpagado_ratioavg3	0.000560679782623358	0.00152429964296723	0.0011440976296644
vm_msaldototal_rank	0.000557727073824715	0.000536952204817247	0.000880075099741845
vmr_msaldopesos2_min3	0.000557723765401368	0.00107178627812217	0.00123210513963858
mcaja_ahorro_total_rank_lag1	0.000557532158828257	0.000500556093607687	0.00158413517953532
mcomisiones_otras_rank	0.000556872810186475	0.00123430611267996	0.00158413517953532
Master_fultimo_cierre	0.000556034026420377	0.000745195107006055	0.0015254635062192
vmr_Visa_mlimitecompra	0.000555781065042001	0.000654917199377279	0.00117343346632246
vm_mpagominimo_rank_delta3	0.000553358975866198	0.00138009737844027	0.00129077681295471
ctransferencias_recibidas	0.000552977231513232	0.00195555945490318	0.00137878432292889
ccaja_ahorro_max3	0.000551126328526631	0.00160306597629239	0.000352030039896738
thomebanking_delta3	0.000549514510124108	0.00167283502436553	0.00058671673316123
vmr_msaldopesos_min3	0.000548429762923004	0.000984999019937996	0.00111476179300634
Visa_msaldopesos_rank_delta1	0.000547665466504951	0.000850412432919503	0.00140812015958695
mvolumen_total_rank_lag1	0.000543195576505492	0.000866413792668372	0.00140812015958695
vmr_Master_mlimitecompra	0.000541252258806793	0.00069829345919282	0.00120276930298052
vm_msaldopesos_rank_lag3	0.000539164871595089	0.00203762226986623	0.00129077681295471
vmr_msaldototal_min3	0.000537079553322028	0.00055783559658772	0.00134944848627083
Master_mconsumospesos_rank	0.000536923936904536	0.00188893229040381	0.00117343346632246
part_dolares_total_delta2	0.000536794641504096	0.0009352518015072	0.00129077681295471
vmr_msaldototal	0.000534876218717126	0.00175488541626985	0.00117343346632246
thomebanking_avg3	0.000531665088145534	0.000888248698714391	0.000909410936399906
Visa_Fvencimiento_delta3	0.000531171568799914	0.000315265482580063	0.000733395916451537
vmr_mpagospesos_delta2	0.000528547236862037	0.000775556832469104	0.00132011264961277
ctransferencias_recibidas_min3	0.000528439957793171	0.00205668039223095	0.00102675428303215
financiamiento_total_saldo_total_delta1	0.000527916105262217	0.0011368550389217	0.0011440976296644
ctarjeta_debito_lag3	0.000527130594376217	0.000472692323174589	0.00108542595634827
vm_cconsumos_lag2	0.000521428375456769	0.00200690211615335	0.000909410936399906
vmr_msaldopesos_delta3	0.000513638007638659	0.00173308524877693	0.00137878432292889
msaldo_total_rank_lag1	0.000504683149652421	0.00135130509939593	0.00140812015958695
Visa_cconsumos	0.000502555405557483	0.000751314153597199	0.0011440976296644
mdescubierto_rank_delta2	0.00050133775894496	0.0008113911453564	0.000938746773057968
mpagomiscuentas_rank_delta2	0.000501139332043011	0.00390632222879932	0.00134944848627083
mdescubierto_rank_delta1	0.000494556215006557	0.00100335730999464	0.00105609011969021
vmr_mpagominimo_lag1	0.000492485832032565	0.000624121126972201	0.000997418446374091
Visa_cconsumos_lag2	0.00049220580839198	0.000426510752654017	0.00111476179300634
mcuenta_debitos_automaticos_rank_delta3	0.000489343878674556	0.00510762188484803	0.00120276930298052
ccomisiones_otras_max3	0.000488979056657729	0.00168746271589891	0.0011440976296644
financiamiento_corto_caja_ahorro_lag1	0.000487729850911002	0.000810308958907617	0.00117343346632246
vm_msaldopesos_rank_delta1	0.000486875134247822	0.00239086389268014	0.00132011264961277
vm_cconsumos_max3	0.000486352747817951	0.00267735320018087	0.00140812015958695
ccomisiones_mantenimiento_tend3	0.000484939569351565	0.000595805755348848	0.000117343346632246
vmr_mpagominimo_min3	0.000484423500017604	0.000870378128740955	0.00111476179300634
financiamiento_corto_saldo_total_lag1	0.000481189878995567	0.000771911354903751	0.0011440976296644
mtransferencias_emitidas_rank_lag2	0.000479761293993871	0.00166503035275095	0.001906829382774
mtarjeta_visa_consumo_rank_max3	0.000478622867704474	0.000530402722247006	0.00123210513963858
vmr_msaldototal_max3	0.000471834092192171	0.00145171355130026	0.00137878432292889
Master_fultimo_cierre_max3	0.000468118161120236	0.000993900371569868	0.00123210513963858
vmr_msaldototal_lag2	0.000462488953323695	0.000431524377075432	0.000968082609716029
tcallcenter_max3	0.000461567505450364	0.00126000205936584	0.0011440976296644
mtarjeta_master_consumo_rank_ratioavg3	0.000459480095686055	0.000855304587433401	0.000880075099741845
inversiones_caja_ahorro_total	0.000457104514907157	0.00055550282222746	0.000352030039896738
mcuenta_debitos_automaticos_rank_lag1	0.000456625148666252	0.000435135806257618	0.000733395916451537
msaldo_total_rank_lag2	0.00045144491480141	0.000804126646739642	0.00120276930298052
mcuenta_debitos_automaticos_rank_min3	0.000448715315165658	0.00112758053541485	0.000850739263083783
mtransferencias_emitidas_rank_delta3	0.000446771120733551	0.00118148947851794	0.00117343346632246
ctarjeta_debito_max3	0.000446704862951769	0.00146578220519108	0.000968082609716029
mfinanciamiento_corto_rank_delta1	0.000444022766312056	0.00129018273025083	0.00105609011969021
ctarjeta_master_transacciones_ratioavg3	0.000442810158523159	0.00153939780033559	0.000850739263083783
ctarjeta_master_transacciones	0.000438521199569116	0.00382285330763412	0.000557380896503168
ccheques_depositados_max3	0.00043747544779933	0.00426187661104555	0.000440037549870922
financiamiento_corto_saldo_total_avg3	0.000422713006755271	0.00066940846732134	0.000968082609716029
vm_mfinanciacion_limite_rank_lag2	0.000420044665281948	0.000315913782200104	0.000968082609716029
vmr_mpagominimo_delta2	0.000415080797689219	0.00200399235973238	0.00137878432292889
vmr_msaldopesos_delta1	0.000414678212285381	0.00174806239635106	0.000938746773057968
vmr_mconsumospesos_lag3	0.000411381892903166	0.000310653076944082	0.00111476179300634
mcomisiones_otras_rank_tend3	0.000411049065585044	0.000822074975858419	0.00102675428303215
vm_fultimo_cierre_tend3	0.000409374147180766	0.000875828860784115	0.00108542595634827
mautoservicio_rank_min3	0.00039405706870474	0.00123639502699861	0.00252288195259329
mtarjeta_visa_consumo_rank_lag1	0.000392885253697953	0.000427563491852494	0.00129077681295471
mvolumen_total_rank_lag2	0.000391441637562142	0.000491202220558987	0.00108542595634827
vmr_mpagado_lag3	0.000391420109483854	0.000892044403267639	0.000762731753109599
vmr_Visa_mlimitecompra_min3	0.000389917807461591	0.000545089538337637	0.000821403426425722
vm_status01	0.000383910456551101	0.00111525594093478	0.000176015019948369
vmr_Visa_mlimitecompra_lag2	0.000382536654852811	0.000652917316979474	0.000821403426425722
vm_mpagominimo_rank_lag1	0.000382068591201849	0.000365042148261166	0.000762731753109599
vm_cconsumos_lag3	0.000378771483458789	0.000432532485285162	0.000762731753109599
mextraccion_autoservicio_rank_tend3	0.000378227219068217	0.00120668781268497	0.00079206758976766
ccomisiones_otras_delta2	0.000366625698367459	0.00214604106402399	0.000850739263083783
catm_trx_other_ratioavg3	0.000364127959817875	0.000589146305703242	0.000850739263083783
financiamiento_total_ahorro_lag1	0.0003635980306085	0.000588702296382206	0.000909410936399906
vm_status05	0.000362656703848374	5.34278946625312e-05	5.8671673316123e-05
cproductos_max3	0.000361720739829493	0.000995887370795663	0.00132011264961277
vm_status06	0.000361301016492501	0.000255338257695471	0.00020535085660643
cmobile_app_trx_delta3	0.000359364650339942	0.00114062198639457	0.000821403426425722
ccajas_consultas	0.000356956244245961	0.000681497483798948	0.000234686693264492
financiamiento_total_saldo_total_ratioavg3	0.00035382321117484	0.000825272533139806	0.000850739263083783
vm_status02_max3	0.00035337929815714	0.00321622706813729	0.000469373386528984
ctarjeta_visa_debitos_automaticos_max3	0.000353027012278944	0.00204154312523328	0.000821403426425722
matm_rank_delta2	0.000346215842726534	0.00114578606786053	0.00105609011969021
ccajas_consultas_max3	0.000341047303808949	0.00158307704474999	0.000498709223187045
mcuenta_debitos_automaticos_rank_max3	0.000341028500931716	0.000559164863871111	0.000762731753109599
vm_mconsumospesos_rank_delta2	0.000332178376963029	0.000745666493067611	0.00105609011969021
vmr_msaldototal_delta1	0.000331121735259883	0.00126443133991398	0.00108542595634827
part_dolares_sald_delta2	0.000322537037861609	0.000576583372541005	0.000762731753109599
ctarjeta_visa_debitos_automaticos_tend3	0.000319131735045019	0.00102142457839786	0.000557380896503168
inversion_antiguedad	0.000318357585448073	0.00359366236775814	0.000352030039896738
Master_cconsumos	0.000312862382854919	0.000611785259716629	0.00058671673316123
ccomisiones_mantenimiento_lag3	0.000308077903470919	0.000143494150179726	0.000440037549870922
ccomisiones_otras	0.00030481214146816	0.000632879153315469	0.00117343346632246
vm_mpagado_rank_delta3	0.000304125439952288	0.000737383993805473	0.000704060079793476
mcuenta_debitos_automaticos_rank_avg3	0.000303655740269786	0.000633855743765105	0.000645388406477353
ccaja_seguridad_max3	0.000303626944164017	9.41274454364917e-05	5.8671673316123e-05
Master_fultimo_cierre_delta2	0.000302623238774463	0.000251412341082272	0.000880075099741845
vm_mconsumospesos_rank	0.000301068485444044	0.000537812846718798	0.000850739263083783
vm_status01_delta2	0.000293555603193871	0.000628840508947189	0.000176015019948369
vm_cconsumos_min3	0.000292617095000436	0.000432386859430128	0.000645388406477353
part_dolares_sald_tend3	0.00029251308510883	0.000873866937732409	0.000733395916451537
mtransferencias_emitidas_rank_lag1	0.000291943304919818	0.000787217253420759	0.00102675428303215
cproductos_lag3	0.000290391762654073	0.000494477997099001	0.00102675428303215
mtransferencias_emitidas_rank_delta1	0.000280370846032009	0.000992238672437307	0.000850739263083783
ccaja_ahorro_lag2	0.000278643973220995	0.000644864644303716	0.000410701713212861
catm_trx_other_max3	0.000278130162288187	0.000872295880917201	0.000528045059845107
mprestamos_personales_rank_avg3	0.00027772735618614	0.0003887133664318	0.000264022529922553
ctransferencias_emitidas_tend3	0.000275840492532341	0.00345929433455052	0.000557380896503168
financiamiento_total_ahorro_lag2	0.000275673299211692	0.000374546708411046	0.000674724243135414
mcomisiones_mantenimiento_rank_delta1	0.000275609788598789	0.000652989554765384	0.000498709223187045
cproductos_lag2	0.000274490866553759	0.00123872274011273	0.00105609011969021
mcuenta_debitos_automaticos_rank_lag2	0.00027328969823664	0.000302334458788989	0.00058671673316123
mcuenta_debitos_automaticos_rank_delta2	0.00027078450552454	0.00247918148765371	0.000704060079793476
mtarjeta_master_consumo_rank_lag3	0.000268613163105603	0.000440998799805076	0.000557380896503168
vmr_mconsumospesos_tend3	0.000265924490173023	0.000437220349500055	0.000616052569819291
ccaja_ahorro_avg3	0.000262424527728234	0.000308858635128497	0.000381365876554799
mtarjeta_master_consumo_rank	0.000255382965024621	0.000785801944952877	0.000410701713212861
prestamos_caja_ahorro_lag3	0.000246251707107347	0.000376230953094622	0.000352030039896738
mv_status07_rank	0.000243660495540161	0.000539393105799728	0.000264022529922553
Visa_mpagado_rank_delta3	0.000231684213819526	0.00143099096912326	0.000557380896503168
mcheques_depositados_rank_avg3	0.000229263302414315	0.00222631058745467	0.000264022529922553
financiamiento_corto_caja_ahorro_delta1	0.000218869235205368	0.000635551031167546	0.000528045059845107
vm_status04	0.000216045873237686	0.000473618761276045	0.00020535085660643
mtarjeta_master_consumo_rank_min3	0.00020671132850984	0.00240829689491854	0.000498709223187045
mprestamos_rank_lag2	0.000203303604987103	0.000592266333895929	0.000410701713212861
ctarjeta_visa_debitos_automaticos_lag2	0.000203096274514797	0.000194705679143367	0.000440037549870922
Visa_mpagado_rank_lag1	0.000193870014519552	0.00127162498108469	0.000528045059845107
ctarjeta_visa_debitos_automaticos_lag1	0.000192236344145853	0.000274620455230499	0.000381365876554799
vmr_msaldodolares_ratioavg3	0.00018297560845602	0.00182711837098978	0.000557380896503168
ccuenta_debitos_automaticos_lag1	0.000178859074317641	0.0008672026568973	0.000410701713212861
mv_status07_rank_lag3	0.000177318782267506	0.00158786314315145	0.000440037549870922
matm_other_rank	0.000169703797047704	0.000623274518525874	0.000469373386528984
vm_status04_ratioavg3	0.000167476821391716	0.000376913991267759	0.000234686693264492
vm_Fvencimiento_delta2	0.000161520729540845	0.000165299839032082	0.000234686693264492
cpagomiscuentas_lag2	0.000138098379929615	0.000591555228812343	0.000440037549870922
vm_status05_delta3	0.000135971079820643	0.000468295480613121	0.000234686693264492
thomebanking_lag3	0.000135192899131369	0.000111440588163881	0.000293358366580615
vm_mpagado_rank_delta1	0.00013119097018051	0.000265620869412057	0.000264022529922553
mv_status07_rank_delta1	0.00011833319867943	0.000507465384767617	0.000176015019948369
inversiones_saldo_total_min3	0.000117762322962088	0.000819984221086621	0.00020535085660643
minversiones_total_rank_lag3	0.000105087089781726	0.000943414441258323	0.000322694203238676
vm_status01_delta1	9.75893222840303e-05	0.000236497078745118	8.80075099741845e-05
mprestamos_rank_delta1	9.45461853952929e-05	0.00203059127874214	0.000293358366580615
mtarjeta_visa_descuentos_rank_tend3	8.88108611777745e-05	0.00190584145366605	0.000176015019948369
vm_status06_max3	8.81225942083306e-05	0.000222446369272447	8.80075099741845e-05
vmr_msaldodolares2_lag2	8.35040390047008e-05	0.000694293924453853	0.000293358366580615
cpayroll_trx_lag3	8.07483765212804e-05	0.00151776189328578	0.000440037549870922
vm_status04_delta3	8.06445382943184e-05	0.000189307860128103	8.80075099741845e-05
vm_Fvencimiento_tend3	7.45400383326167e-05	4.52606537785478e-05	0.000146679183290307
inversion_antiguedad_lag3	5.76142318469241e-05	0.00138421516229376	0.00020535085660643
ccallcenter_transacciones_lag2	3.86375506442854e-05	0.000181067691288281	0.000146679183290307
Visa_cadelantosefectivo_max3	5.21618891695855e-06	0.000153169182302086	5.8671673316123e-05
ctarjeta_master	7.89586340174459e-10	4.86454771673551e-06	2.93358366580615e-05
