Feature	Gain	Cover	Frequency
ctrx_quarter_normalizado	0.11239459213663	0.00519137623906834	0.00267052255069496
ctrx_quarter_normalizado_min3	0.0644188281317982	0.0058864763596323	0.00312714039615057
ctrx_quarter	0.0345550877610887	0.0044719897087591	0.00294726063884988
mfinanciamiento_total_rank	0.0247352484792607	0.00340650107281917	0.00283656540358791
mconsumo_tarjeta_total_rank	0.0234542009239076	0.00398774204092605	0.00404729453926568
cpayroll_trx	0.0196043445080051	0.00379884351782708	0.00124532139669713
mpayroll_sobre_edad_rank	0.0172414853226648	0.00828485292715609	0.00288499456901502
financiamiento_total_saldo_total	0.014729684121899	0.00195677625047968	0.00177112376419148
mvolumen_total_rank	0.0142729897016199	0.00255619540034525	0.00181955292961859
mcuentas_saldo_rank	0.0139567347167713	0.00468548586297929	0.00445548321929418
ctrx_quarter_normalizado_max3	0.0115236642658432	0.00198958885250653	0.0017642053119876
mpayroll_rank	0.00949530190912382	0.00680198901217032	0.00248372434119039
foto_mes	0.00934412271221857	0.0123065216942921	0.00417874513113926
mcaja_ahorro_rank_max3	0.00913073328973124	0.00181675557801335	0.00207553566116188
mprestamos_personales_rank_ratioavg3	0.00867640122532076	0.00746162186366107	0.00229692613168582
mpasivos_margen_rank_max3	0.00778508051921314	0.0019850577781948	0.00215163863540449
ccomisiones_mantenimiento_delta3	0.00726104937561198	0.00224133681984786	0.000947827951930594
vm_status06	0.00665711959658891	0.00044861980640748	0.000152205948485205
cpayroll_trx_min3	0.00610529089581821	0.00490028650581203	0.00100317556956158
mcaja_ahorro_rank	0.00597685755892833	0.00192579242039489	0.00216547553981223
mtarjeta_visa_consumo_rank	0.00527815357080772	0.0036006871168059	0.00323091717920867
cdescubierto_preacordado_delta3	0.00526799991509716	0.00603987306625773	0.000906317238707356
mpasivos_margen_rank	0.00506984335337882	0.00176141718665637	0.00190949280826893
mprestamos_rank	0.005061379358232	0.00625399195800286	0.00132834282314361
mcomisiones_mantenimiento_rank_max3	0.00475241706617718	0.00252956861056919	0.00238686601033617
cproductos_ratioavg3	0.00468587325816568	0.00504630580964855	0.00156357019807529
ctarjeta_visa_transacciones_ratioavg3	0.00452628998205489	0.00633198884551272	0.00404729453926568
mprestamos_personales_rank	0.00432198696065036	0.00176658202300476	0.000837132716668627
mpayroll_rank_ratioavg3	0.00428498935857863	0.00581785325480411	0.00240070291474391
mprestamos_personales_rank_min3	0.00413931128147671	0.000540482464005599	0.000456617845455615
mcomisiones_otras_rank_lag3	0.00380365943077538	0.00173149465742588	0.0033001017012474
mcuentas_saldo_rank_ratioavg3	0.00354613024103818	0.0042900016089986	0.00466995523761424
mcuentas_saldo_rank_delta3	0.00341600357960604	0.00220088753266585	0.00428252191419736
mrentabilidad_annual_rank_lag3	0.0033771328366599	0.00254787796633082	0.00433095107962447
vm_status04	0.00334841994894595	0.00112190194666569	0.000366677966805266
cdescubierto_preacordado_min3	0.00317824119991444	0.00103493375958339	0.000581149985125328
cpayroll_trx_avg3	0.00316490946475133	0.00213127658442499	0.000927072595318975
ctrx_quarter_normalizado_ratioavg3	0.00314257671201723	0.00281603087872958	0.00424101120097412
vm_mpagominimo_rank	0.00306031889071903	0.00213023521022821	0.00178496066859922
vm_status01	0.0030087344951638	0.00100512159337919	0.00035284106239752
vm_status01_max3	0.00299380487110785	0.000863890346990938	0.000373596419009139
mrentabilidad_annual_rank_delta3	0.00298996835311576	0.00277772948478306	0.00460768916777938
mrentabilidad_annual_rank_lag2	0.00294008560282911	0.00193639564247306	0.0037082903812759
mrentabilidad_annual_rank_delta1	0.00286272614645506	0.00262343690393354	0.00439321714945932
ctrx_quarter_ratioavg3	0.00272500590593447	0.00242838982789609	0.00383282252094561
mactivos_margen_rank_ratioavg3	0.00265454089873172	0.00240573817047774	0.00492593796915754
msaldo_total_rank	0.00257842244394165	0.000878872186764395	0.00133526127534748
ctarjeta_visa_transacciones	0.00248798646156652	0.00245783965907914	0.00252523505441363
mactivos_margen_rank	0.00247089714327578	0.00345916876147639	0.00296109754325762
cdescubierto_preacordado	0.00244356777973089	0.00114221947324169	0.000525802367494344
mcaja_ahorro_rank_ratioavg3	0.00238783562898767	0.00148770526739973	0.00366677966805266
mvolumen_total_rank_delta3	0.00234778352353848	0.00158373159419214	0.00298185289986924
cliente_edad_lag3	0.00234704407940345	0.00450480690924538	0.00484983499491494
ctrx_quarter_delta3	0.0023383444779451	0.00343074969266067	0.00433095107962447
ccomisiones_mantenimiento_ratioavg3	0.00231875144414369	0.00538087138280088	0.00148746722383268
mprestamos_rank_delta3	0.0023180206678125	0.002541162387972	0.000864806525484119
numero_de_cliente	0.00228912267998378	0.00432926555483093	0.00469071059422586
mcuentas_saldo_rank_delta1	0.00226886875034971	0.0024513988681485	0.00435862488843996
mrentabilidad_annual_rank_lag1	0.00225276732485034	0.00315569160388356	0.00343155229312098
mcomisiones_rank_lag3	0.00215468090325662	0.00161890615363634	0.0029680159954615
mpasivos_margen_rank_ratioavg3	0.00213789359873672	0.00278728472974834	0.00399194692163469
mactivos_margen_rank_delta3	0.00210836338666494	0.00407846369103976	0.00449699393251742
vm_status06_delta3	0.00205947558632282	0.000464681576691395	0.000145287496281332
mrentabilidad_annual_rank_delta2	0.00205608180794521	0.00186620458088888	0.00363910585923717
mcuentas_saldo_rank_delta2	0.00205517338684334	0.00309484531931389	0.00387433323416885
mactivos_margen_rank_min3	0.00203778357919733	0.0030874263535263	0.00287807611681115
mtransferencias_recibidas_rank	0.00200641296444919	0.00253276778237561	0.0027120332639182
ccaja_ahorro	0.00196869375849966	0.00645789826090283	0.00132142437093973
mcaja_ahorro_total_rank	0.00196003455455163	0.00130899522071122	0.00175728685978373
mtransferencias_recibidas_rank_ratioavg3	0.00193853784675238	0.0020431469915639	0.00443472786268256
chomebanking_transacciones_ratioavg3	0.00193444090811946	0.00186313163089832	0.00431019572301285
mcuentas_saldo_rank_min3	0.00190489803564336	0.00347619644405877	0.00434478798403221
mdescubierto_rank	0.00188620097054274	0.0038505874467306	0.00296109754325762
vm_msaldopesos_rank	0.00187499634295106	0.00168432313001435	0.00150130412824043
mtransferencias_emitidas_rank_ratioavg3	0.0018717588068994	0.00302917236202767	0.00332085705785902
antiguedad_relativa_lag3	0.00185007528834095	0.00229114680178854	0.00392968085179984
part_dolares_total_ratioavg3	0.00184317794022964	0.00235198760357966	0.0036321874070333
Master_fechaalta_ratioavg3	0.00183775657341477	0.00198082471942681	0.00339004157989775
cliente_edad	0.0018350450202419	0.00275495903382947	0.00370137192907203
mcomisiones_mantenimiento_rank	0.00182859115521539	0.00268878755637749	0.00180571602521084
thomebanking	0.0018211721119128	0.00129720760055711	0.000684926768183422
cproductos_delta2	0.00181963782518254	0.000422798041804488	0.000366677966805266
mvolumen_total_rank_delta2	0.00180976397686822	0.00147726700031491	0.00294726063884988
mcomisiones_rank_delta3	0.00180579477954907	0.000953807089840793	0.00270511481171432
mactivos_margen_rank_delta2	0.00177138534929188	0.00401873789775089	0.00385357787755723
vm_mpagominimo_rank_lag2	0.00176118314995593	0.00126033007830447	0.00140444579738621
Master_fechaalta_lag2	0.0017474605496044	0.00251654152873521	0.00393659930400371
mfinanciamiento_total_rank_lag3	0.00172471925753117	0.00275853038607658	0.00179187912080309
mactivos_margen_rank_lag1	0.0017213091084839	0.00181843431047788	0.00281581004697629
mprestamos_personales_rank_lag1	0.00171951433810029	0.000864587838958906	0.000359759514601393
mcaja_ahorro_dolares_rank_ratioavg3	0.00171165235510528	0.00295557956060378	0.00332085705785902
cliente_antiguedad	0.00170572030799768	0.00334641441837436	0.00373596419009139
Master_fechaalta_lag1	0.00170085467468522	0.0016967443942959	0.00316173265716994
mcuenta_debitos_automaticos_rank	0.00167555657121794	0.00280840893222644	0.00140444579738621
Master_Fvencimiento_lag3	0.00167209179031078	0.0023765386016059	0.00343155229312098
mcuentas_saldo_rank_tend3	0.00166673713382363	0.00141909312812864	0.00279505469036467
Visa_fechaalta	0.00165357436426985	0.00133280386231276	0.00261517493306398
chomebanking_transacciones	0.00164493561793351	0.0033256290869834	0.00266360409849109
mactivos_margen_rank_lag2	0.00164255238540845	0.00185860008494972	0.0028642392124034
Master_Fvencimiento_max3	0.00164113398543171	0.00203217895837104	0.002940342186646
cliente_edad_lag2	0.00161794225163934	0.00316604037787334	0.00350765526736359
ctarjeta_visa_transacciones_delta3	0.00160447383566955	0.00225959924774147	0.00179879757300697
ctrx_quarter_delta1	0.00159226284089437	0.00231079643160982	0.00323783563141254
antiguedad_relativa_delta3	0.00159182941393784	0.00185342115845001	0.00352149217177133
antiguedad_relativa	0.00158443100085568	0.00243034753356596	0.00324475408361641
ccaja_seguridad	0.00158130454722907	0.00282581840485062	0.000518883915290471
ccomisiones_mantenimiento_delta2	0.00157894304085878	0.000558384974016997	0.000262901183747172
Master_mfinanciacion_limite_rank_delta3	0.00157247789002981	0.00234503549933331	0.00392276239959596
ccajas_transacciones_ratioavg3	0.0015656913955473	0.00125759104721397	0.00101009402176545
mrentabilidad_annual_rank_tend3	0.00155756964025988	0.00217557702242396	0.00279505469036467
mcaja_ahorro_rank_min3	0.00155373876552212	0.00262037055685908	0.0053202897447783
cliente_edad_avg3	0.0015420128185309	0.0038766396648965	0.00336236777108225
mprestamos_personales_rank_lag3	0.00154137420748871	0.00145987285588882	0.000671089863775676
chomebanking_transacciones_delta1	0.00152879763628818	0.00334825568869332	0.00284348385579178
Master_mlimitecompra_rank_delta2	0.00152433788558276	0.00320286201115754	0.0038881701385766
Visa_fechaalta_min3	0.00151982700810769	0.000785541795243994	0.00195100352149217
vmr_msaldopesos_ratioavg3	0.00151891874646761	0.00138410875625005	0.00277429933375305
Master_mfinanciacion_limite_rank	0.00151351793550102	0.00483308603463096	0.00307179277851959
thomebanking_ratioavg3	0.00151234081763265	0.00189492337493198	0.00134909817975523
ccajas_consultas_delta3	0.00149334133705185	0.00331674203354588	0.000574231532921455
Visa_Fvencimiento_lag3	0.00148412801707724	0.00133141895961481	0.0027120332639182
mcomisiones_mantenimiento_rank_ratioavg3	0.0014709195368245	0.00182595650578419	0.00265668564628721
vm_fechaalta_lag3	0.0014692796863097	0.00152175650574193	0.00251139815000588
mtransferencias_recibidas_rank_avg3	0.00145522671921402	0.00321403137433692	0.00341771538871324
mrentabilidad_rank_delta2	0.00143083422477514	0.00198910483517435	0.00309254813513121
chomebanking_transacciones_max3	0.00142720866177504	0.00156125703641641	0.00266360409849109
mrentabilidad_rank_delta3	0.00142610604033047	0.00262046453050433	0.00326550944022803
mpasivos_margen_rank_delta3	0.00142265165142968	0.00310780336530184	0.0031963249181893
Visa_mpagominimo_rank	0.00142068349872611	0.00105489632046425	0.00197867733030766
antiguedad_relativa_delta2	0.00141904303283042	0.00163356008787976	0.00324475408361641
mcomisiones_mantenimiento_rank_delta3	0.00141828047389109	0.00294000245615273	0.00201326959132703
Visa_fechaalta_lag3	0.00141658338687141	0.00166455252533733	0.00289883147342277
mrentabilidad_annual_rank	0.00140804543012057	0.00160851051073315	0.00173653150317211
mttarjeta_visa_debitos_automaticos_rank_lag3	0.00140732537687427	0.00272597311645725	0.00275354397714143
mautoservicio_rank	0.00140364357549804	0.0040404048363508	0.00255290886322912
vmr_msaldopesos2_ratioavg3	0.00139707175100495	0.00195347573570201	0.0029680159954615
ctarjeta_debito_transacciones_ratioavg3	0.0013968045610742	0.00404218709310709	0.00314789575276219
ccomisiones_mantenimiento_delta1	0.00138968760282174	0.00217101818049184	0.000560394628513709
ctrx_quarter_normalizado_tend3	0.00138012839596214	0.0027092835975067	0.00265668564628721
mpayroll_rank_delta3	0.00137820165877899	0.00408928740335208	0.00175728685978373
mrentabilidad_annual_rank_min3	0.00137572752209145	0.00135629544603215	0.00222082315744322
mpasivos_margen_rank_lag1	0.00137175536817587	0.00116106472639059	0.00264284874187947
mactivos_margen_rank_lag3	0.00137158330933243	0.00306909223682929	0.00263593028967559
chomebanking_transacciones_lag2	0.00136624428355924	0.00131857304529139	0.00320324337039318
mcomisiones_rank_delta2	0.00136130039301232	0.00142535829328187	0.00284348385579178
antiguedad_relativa_max3	0.00135866939846284	0.00277069059935364	0.00307179277851959
mcomisiones_otras_rank_lag1	0.00135438018474483	0.00192739574991571	0.00273278862052982
ccomisiones_otras_avg3	0.00135371510410171	0.00214359615200764	0.00307871123072346
vm_Fvencimiento_lag3	0.00135334709972021	0.0023582601380589	0.00274662552493756
mpasivos_margen_rank_delta1	0.00135232636440134	0.00153591852273569	0.002940342186646
vm_fechaalta_lag1	0.00134924450165315	0.000750210947133832	0.00193024816488055
Visa_mfinanciacion_limite_rank_delta3	0.00134438057422022	0.00434492519573326	0.00330702015345127
Master_Fvencimiento	0.00133731560712841	0.00274082672995817	0.0029680159954615
Visa_mpagospesos_rank_delta3	0.00133616561707361	0.00250701133947835	0.0027881362381608
mcomisiones_otras_rank_lag2	0.00133374794725028	0.000923759164158961	0.002123964826589
Visa_mlimitecompra_rank_delta2	0.00133211573913899	0.00132471617440594	0.00334853086667451
mactivos_margen_rank_delta1	0.0013284487458682	0.00181683298541374	0.00285732076019953
Visa_mfinanciacion_limite_rank_delta2	0.00132621150068706	0.00119653435364813	0.00320324337039318
Master_mlimitecompra_rank_delta3	0.00132384442210468	0.00168739030245333	0.00307179277851959
chomebanking_transacciones_delta3	0.0013230621280619	0.00167912091644446	0.00291266837783051
Visa_mlimitecompra_rank_delta3	0.00129542435431072	0.00174682091001963	0.00334853086667451
Master_mfinanciacion_limite_rank_delta2	0.00129464524443936	0.00153950243231432	0.00332085705785902
mrentabilidad_rank	0.00129356978069665	0.00221873833948598	0.00249756124559814
mfinanciamiento_corto_rank	0.00129181486666276	0.001703991507401	0.00233843684490906
mrentabilidad_annual_rank_avg3	0.00128234934548498	0.00131511913062354	0.00175728685978373
mcomisiones_rank_lag1	0.00128072310719461	0.00222068891164828	0.0024560505323749
Visa_mfinanciacion_limite_rank_lag3	0.00127561808046014	0.00146443222841242	0.00273278862052982
chomebanking_transacciones_avg3	0.00127477100479738	0.00123368530737295	0.00259441957645236
mcomisiones_rank_min3	0.00126726284057862	0.00174583442256295	0.00265668564628721
vm_mlimitecompra_rank_delta3	0.00126439914497204	0.00136850353045096	0.00307871123072346
ccallcenter_transacciones_ratioavg3	0.0012624314505307	0.00117863992041803	0.00101009402176545
ccaja_seguridad_avg3	0.00126037481973792	0.00133882642925383	0.00030441189697041
Visa_fechaalta_lag1	0.00125285516840102	0.00102862803365981	0.00221390470523934
mrentabilidad_rank_lag3	0.00124812570756566	0.00214209770273456	0.00293342373444213
mdescubierto_rank_lag1	0.00124803545216134	0.00138798295831876	0.00222774160964709
mcomisiones_mantenimiento_rank_avg3	0.00124492353096761	0.00181577917179465	0.00150130412824043
Master_status_max3	0.00124439994739982	0.000637345769368653	0.000200635113912316
ctrx_quarter_lag3	0.00121717902783843	0.00110951458128377	0.00249756124559814
mcomisiones_otras_rank_max3	0.00121710011702629	0.00229959104716492	0.00240762136694779
Master_Fvencimiento_avg3	0.00121662136209568	0.0019110685659863	0.00267744100289883
ctrx_quarter_normalizado_delta1	0.00121454004305551	0.00123220324748091	0.00242837672355941
tcallcenter_ratioavg3	0.00120888544711279	0.00123403915293053	0.0011000339004158
Visa_mpagospesos_rank_lag3	0.00120302890231052	0.00143457726116277	0.00260133802865623
Master_Fvencimiento_lag1	0.00120282636064228	0.00189332670728187	0.00262209338526785
mrentabilidad_rank_min3	0.00119174648812653	0.00205406768420647	0.00230384458388969
mpasivos_margen_rank_lag2	0.0011915110697126	0.00109292056879828	0.00247680588898652
Master_mlimitecompra_rank	0.00118884234028327	0.00142288921534167	0.00255982731543299
mrentabilidad_rank_lag2	0.00118499619356291	0.000845293410651192	0.00246988743678264
ccallcenter_transacciones_delta3	0.00118028529787563	0.00139683287035321	0.000615742246144693
mcuenta_corriente_rank_min3	0.00117822209808275	0.00145242895230202	0.00249756124559814
Visa_mlimitecompra_rank_lag2	0.00117761341916185	0.00137339422787186	0.00244913208017102
mactivos_margen_rank_max3	0.0011738919891726	0.00203918653890359	0.00221390470523934
ccomisiones_mantenimiento_avg3	0.00116433270057019	0.00436020564059655	0.00101701247396932
Visa_mfinanciacion_limite_rank_delta1	0.00116293504022073	0.00135164050808889	0.00287807611681115
mcomisiones_otras_rank_delta3	0.00116169800331615	0.00106137065656689	0.00229000767948195
mcaja_ahorro_rank_lag3	0.00116127953455538	0.00180339033254753	0.00303720051750023
mpasivos_margen_rank_avg3	0.00116065810653068	0.00129501401750038	0.0018679820950457
mcuentas_saldo_rank_max3	0.0011584454189427	0.00105224124073563	0.00188181899945344
cliente_edad_lag1	0.00115552303080831	0.00233727147222474	0.00235919220152068
mpagomiscuentas_rank	0.00114019938612792	0.00593671877362311	0.00188873745165732
mvolumen_total_rank_delta1	0.00113982109619387	0.00136155065979469	0.00251139815000588
mcaja_ahorro_rank_avg3	0.00113956448973992	0.00155934472579474	0.00253907195882137
mcomisiones_otras_rank_min3	0.00113928750431718	0.000963932425866024	0.00215855708760836
mcomisiones_otras_rank_delta1	0.0011345463185208	0.00289178047553477	0.00244221362796715
Visa_mfinanciacion_limite_rank_lag2	0.00113166970028644	0.00144965720140404	0.00244913208017102
mcuentas_saldo_rank_lag1	0.00112812655992361	0.00113646402962975	0.00236611065372455
Visa_Fvencimiento	0.00112490752372399	0.000952623811902405	0.00228308922727807
Master_mfinanciacion_limite_rank_lag3	0.0011218767130732	0.00114055441824623	0.00242145827135553
mrentabilidad_annual_rank_max3	0.00112126006424743	0.00155458443596687	0.00216547553981223
Master_mfinanciacion_limite_rank_delta1	0.00112030264091011	0.0012255798741291	0.002940342186646
vm_Fvencimiento	0.00111059824913256	0.00162391110508766	0.00219314934862773
cproductos_delta3	0.00110931479268823	0.00222898801077961	0.00065725295936793
mvolumen_total_rank_lag3	0.0011060340859285	0.00111722460597136	0.0018403082862302
mdescubierto_rank_lag3	0.00110397728236258	0.00158343116150946	0.00206861720895801
ccomisiones_mantenimiento_tend3	0.00110027595397748	0.000496825515553614	0.000172961305096824
mfinanciamiento_corto_rank_delta3	0.00109982449828107	0.00254974629681487	0.00132834282314361
mcomisiones_rank_lag2	0.00109144965820279	0.000970888126343472	0.00207553566116188
mpayroll_rank_max3	0.00108606111324917	0.0040274207913807	0.00237994755813229
vmr_msaldopesos2_max3	0.00108296637570453	0.00191579849419102	0.00233151839270518
mrentabilidad_rank_tend3	0.00108253324836132	0.00194432662903165	0.00225541541846258
mcomisiones_rank_max3	0.0010780809063978	0.00151260916770982	0.00188873745165732
Visa_Fvencimiento_lag2	0.00107804308576943	0.00129457056093855	0.00214472018320061
antiguedad_relativa_delta1	0.00107633703076253	0.00100411128826085	0.00251139815000588
mrentabilidad_rank_ratioavg3	0.00107405371293081	0.00119935167645814	0.00254599041102525
vm_fultimo_cierre_ratioavg3	0.00107232241004738	0.00109632360563938	0.00243529517576328
mcuenta_corriente_rank_max3	0.00106852771221777	0.00256014571281298	0.00110695235261967
thomebanking_max3	0.00106429836656378	0.000324477437484779	0.000470454749863361
msaldo_total_rank_delta3	0.00105944397441176	0.000674624772502185	0.0020962910177735
mcaja_ahorro_rank_delta3	0.00105496841588493	0.00232513637361071	0.00239378446254004
mactivos_margen_rank_avg3	0.00104870030747371	0.00215312245026036	0.00197175887810379
Master_mlimitecompra_rank_lag1	0.00104856645447778	0.000903702040086764	0.00226925232287033
Visa_mlimitecompra_rank_delta1	0.0010478658383649	0.00127521328701864	0.00265668564628721
mpasivos_margen_rank_lag3	0.00104570119293417	0.00159281355156391	0.0027120332639182
prestamos_caja_ahorro	0.00103757757131259	0.0025887835032246	0.00105852318719256
Master_mlimitecompra_rank_delta1	0.00103607861307501	0.00125144184577479	0.00267052255069496
ctrx_quarter_normalizado_lag3	0.001029221596819	0.00141079084544847	0.00214472018320061
Visa_mpagominimo_rank_delta2	0.00102891127498074	0.00122262831167654	0.00241453981915166
part_dolares_total_max3	0.00102791140974152	0.00457691712018576	0.00240070291474391
vm_fechaalta	0.00102562318395262	0.00133499202154555	0.00230384458388969
Visa_msaldototal_rank_delta3	0.00102545654570732	0.00125708698531505	0.00222082315744322
vm_cconsumos_ratioavg3	0.0010235232457859	0.0013692564397505	0.00237302910592842
Visa_msaldopesos_rank	0.00102200770693556	0.0015095189440191	0.0020962910177735
mcaja_ahorro_total_rank_delta3	0.00101910372624565	0.00149829369187128	0.00230384458388969
mdescubierto_rank_lag2	0.00101900105234069	0.00124215213236421	0.00185414519063795
Visa_cconsumos_avg3	0.00101440781948959	0.00116113388014584	0.0018679820950457
Visa_mconsumospesos_rank_delta3	0.00101240820256929	0.00202579075495079	0.00249064279339426
vmr_mpagospesos_ratioavg3	0.00101233649737455	0.000971254411323354	0.00239378446254004
ctarjeta_visa_transacciones_min3	0.0010050581963587	0.00157094003601736	0.00197867733030766
mrentabilidad_rank_lag1	0.00100367384489994	0.0010001168777463	0.00234535529711293
ccomisiones_otras_ratioavg3	0.000993278825441458	0.00145373680132724	0.00221390470523934
mautoservicio_rank_max3	0.000993033732065857	0.00308340034334183	0.0024560505323749
Visa_cconsumos_ratioavg3	0.000989955299182025	0.00259407615316326	0.00275354397714143
msaldo_total_rank_delta2	0.000989729244276283	0.00105940864721062	0.00224849696625871
vmr_mpagominimo_delta3	0.000982654455058396	0.00303555856099125	0.00177804221639535
mcomisiones_rank_ratioavg3	0.000982514853924893	0.00103221854615454	0.00216547553981223
mcuentas_saldo_rank_avg3	0.000973724428087121	0.002241545578115	0.00202710649573477
Master_mlimitecompra_rank_lag2	0.000972585314386046	0.000869719424908344	0.00214472018320061
financiamiento_corto_saldo_total	0.000969953916318223	0.00154431430742424	0.00193716661708443
mcuenta_debitos_automaticos_rank_ratioavg3	0.00096411687238628	0.0016226014874242	0.00181263447741471
ctarjeta_visa_debitos_automaticos_ratioavg3	0.000962316077944046	0.00124257855104432	0.00195100352149217
vmr_msaldopesos2_delta3	0.000961052901749634	0.0015706390137886	0.00221390470523934
Visa_Fvencimiento_lag1	0.000959027330671734	0.00159281160606185	0.00195792197369605
mcuentas_saldo_rank_lag3	0.000956641566085752	0.00119009261944375	0.00229692613168582
mprestamos_rank_lag2	0.000949754920757948	0.00166652508756844	0.000380514871213012
Visa_mpagominimo_rank_lag2	0.000947737830550266	0.000875528929895874	0.00187490054724957
mrentabilidad_rank_max3	0.000946872800526438	0.00137608397291002	0.00188181899945344
cmobile_app_trx_max3	0.000946074210750958	0.00387009676458469	0.00170193924215275
Visa_mpagospesos_rank_delta1	0.000945732194875795	0.00265723911801129	0.00231768148829744
mcuentas_saldo_rank_lag2	0.000942624374330603	0.000964236985371266	0.00214472018320061
mcomisiones_rank_delta1	0.000940260046790625	0.00153090844223347	0.00208937256556963
Visa_mpagominimo_rank_lag3	0.000939163803878587	0.00144748319127719	0.00199943268691928
Visa_mpagospesos_rank_delta2	0.000933345484405119	0.0011214793010805	0.00223466006185096
mcomisiones_otras_rank_ratioavg3	0.00092967828274205	0.00108535987613292	0.00213780173099674
vm_fechaalta_ratioavg3	0.000926254687931898	0.000809814527520188	0.00195792197369605
vmr_msaldopesos2	0.0009196632243699	0.00122092511304966	0.00210320946997738
Visa_mpagominimo_rank_lag1	0.000917019271008867	0.00107416710797414	0.00190949280826893
mcuenta_corriente_rank_delta3	0.000912839122710449	0.000907876969611199	0.00173653150317211
vm_mpagominimo_rank_lag3	0.000911720745886977	0.00133817150251288	0.00160508091129852
cproductos	0.000907948839895145	0.003149969646489	0.00262901183747172
Visa_status	0.000906429718376814	0.000362656205846536	0.000131450591873586
vm_mpagominimo_rank_lag1	0.000905409843774829	0.000999834249355255	0.00116229997025066
mprestamos_personales_rank_delta2	0.000904645658517371	0.00141770504188184	0.000553476176309836
mcaja_ahorro_rank_lag2	0.000900495099948917	0.00127208303314905	0.00221390470523934
Visa_fultimo_cierre_lag3	0.000899113002903791	0.00247742809401725	0.00213088327879287
vmr_mpagospesos_lag3	0.00089663693486544	0.00125466607328964	0.00193716661708443
ctransferencias_recibidas_lag3	0.000895925306559009	0.00202926082318125	0.00172269459876436
msaldo_total_rank_delta1	0.000891012776881596	0.00234206194681193	0.00226233387066645
ccomisiones_otras_lag1	0.000888604495043109	0.00145768027506043	0.00172961305096824
Visa_Fvencimiento_min3	0.000887705949093489	0.000787245111780088	0.00190257435606506
vmr_msaldopesos2_avg3	0.000886309643014313	0.00292972460455645	0.00197867733030766
msaldo_total_rank_lag3	0.000878101840130525	0.000746716943332499	0.00125915830110488
mconsumo_tarjeta_total_rank_lag1	0.000877171329311835	0.00081596142972965	0.00172961305096824
Visa_cconsumos_max3	0.000873744326445027	0.00110413892325696	0.00205478030455027
Master_fultimo_cierre_min3	0.000871535685957173	0.000868275272829286	0.00175728685978373
mfinanciamiento_corto_rank_delta2	0.00087039314577811	0.00109586063510228	0.0011761368746584
mcomisiones_otras_rank_tend3	0.000869598160501723	0.000988867100481525	0.00152205948485205
Visa_msaldopesos_rank_delta1	0.00086331639932522	0.0013362583665267	0.00193716661708443
mcomisiones_otras_rank_avg3	0.000858195283166671	0.00117360991325828	0.00170193924215275
Visa_mpagominimo_rank_delta3	0.000857664187049899	0.00103576572701234	0.00195792197369605
Visa_Fvencimiento_max3	0.000854711276031267	0.000814905670608497	0.00181263447741471
vm_fultimo_cierre_max3	0.000849406861139273	0.00410111322609222	0.0017642053119876
mautoservicio_rank_lag2	0.000845989596835977	0.0010568333330667	0.00247680588898652
Visa_mconsumospesos_rank	0.000839410635926325	0.00106175026528819	0.00199251423471541
mcaja_ahorro_rank_lag1	0.000838187329139674	0.00218550173591796	0.0020201880435309
cliente_edad_max3	0.000835064452549148	0.00132315381833772	0.00181263447741471
vm_Fvencimiento_min3	0.000832001762327116	0.000936971717189904	0.00174344995537598
vm_fechaalta_lag2	0.000831584846125521	0.000849217842045977	0.0018403082862302
Visa_mconsumospesos_rank_lag1	0.000828175199532751	0.00113403675050667	0.00199943268691928
mprestamos_rank_lag1	0.00082663753430393	0.000728236383389064	0.000401270227824631
ccajas_consultas_avg3	0.000825230629894327	0.000935144595976883	0.000415107132232377
Visa_msaldototal_rank_delta2	0.000825158682203256	0.000904542791752319	0.00190949280826893
mconsumo_tarjeta_total_rank_delta3	0.00082233491882325	0.0016530068548947	0.00204094340014252
mrentabilidad_rank_avg3	0.000820256024730962	0.000707371934914083	0.00148054877162881
mpasivos_margen_rank_min3	0.000817828332528755	0.00121740463862931	0.00191641126047281
financiamiento_corto_caja_ahorro_min3	0.000815007148836111	0.0037798930307028	0.00152897793705592
mvolumen_total_rank_lag2	0.000812999574400165	0.000979085646685113	0.00165351007672564
vm_Fvencimiento_avg3	0.000812959296839876	0.00140501211476635	0.00179187912080309
financiamiento_total_saldo_total_avg3	0.000811408158315956	0.00174758295728343	0.00134217972755135
vm_Fvencimiento_lag2	0.000808513673549872	0.00107827901502255	0.00178496066859922
mtransferencias_emitidas_rank_lag3	0.000807903023070367	0.00529553735849941	0.00257366421984074
Visa_cconsumos_tend3	0.000800527409804912	0.00424271010895966	0.00170885769435662
mautoservicio_rank_lag3	0.000796373709586882	0.00447652219798143	0.00246988743678264
thomebanking_avg3	0.000796143086585763	0.00047643724344794	0.000830214264464754
mttarjeta_visa_debitos_automaticos_rank_max3	0.00079525710206187	0.00134485801624992	0.00172961305096824
mtarjeta_visa_consumo_rank_delta3	0.000793381312311639	0.00121094421581418	0.00188873745165732
vm_Fvencimiento_lag1	0.000791646157411769	0.00201794142052436	0.00174344995537598
mcuenta_corriente_rank_lag3	0.000791577111255523	0.00125298940423639	0.00140444579738621
mtarjeta_master_consumo_rank	0.000786896064071592	0.00140868239284578	0.000518883915290471
tcallcenter_delta3	0.000786494711023062	0.000393104669135533	0.000255982731543299
mcaja_ahorro_total_rank_lag3	0.000784120661255447	0.000830648024825938	0.00177112376419148
vmr_msaldopesos2_min3	0.000780982838745111	0.00137529121029543	0.00174344995537598
financiamiento_corto_saldo_total_tend3	0.000778770241497783	0.00110762431968552	0.00187490054724957
mcomisiones_otras_rank	0.000769717993374808	0.000972952952536194	0.00152897793705592
Visa_msaldototal_rank	0.000767683963592597	0.00117616005378456	0.00179879757300697
inversion_antiguedad_ratioavg3	0.000764307273905483	0.00232445851352723	0.000684926768183422
vmr_mpagado_ratioavg3	0.000756951580251582	0.00238125726948048	0.00149438567603656
Visa_mconsumospesos_rank_delta2	0.000754516428102687	0.00134931793234972	0.00192332971267668
mcaja_ahorro_dolares_rank_delta2	0.000753679133838984	0.00546427028104735	0.00148746722383268
vmr_mpagominimo_max3	0.000750852795642093	0.00212078295896321	0.00152897793705592
mcomisiones_rank_avg3	0.000750660160400955	0.000935780303515603	0.00153589638925979
mcomisiones_rank	0.000749186799547862	0.00186675781093092	0.00163275472011402
mtarjeta_visa_consumo_rank_delta1	0.000747251693672681	0.00101793030734492	0.00169502078994887
vmr_mpagospesos_min3	0.000746083819917172	0.00139658396399797	0.00156357019807529
mcuenta_corriente_rank_delta2	0.000741339313762945	0.0010481658265896	0.00132834282314361
vm_msaldototal_rank	0.000741303723902909	0.00109392916423299	0.00133526127534748
vm_mlimitecompra_rank_lag3	0.000738715830623239	0.000670917529883497	0.00155665174587141
vmr_mpagominimo	0.000738418776071284	0.00110795711844802	0.00121764758788164
vmr_mpagominimo_lag1	0.000733905590913	0.000833610375971779	0.00116229997025066
vm_msaldopesos_rank_delta1	0.000730342729613144	0.00263090474309121	0.00153589638925979
minversiones_total_rank	0.000728202553010258	0.00378011811939637	0.000574231532921455
mttarjeta_visa_debitos_automaticos_rank_delta2	0.000726352079996708	0.00124852565608706	0.00130066901432811
financiamiento_total_saldo_total_lag3	0.000723948162361373	0.00105560743094668	0.00134217972755135
ctrx_quarter_max3	0.000723946653678165	0.00101099158579459	0.00174344995537598
mcaja_ahorro_dolares_rank_lag1	0.000722402343987085	0.00125756109827307	0.00173653150317211
vm_Fvencimiento_delta3	0.000716215965693294	0.000345118389040602	0.000864806525484119
Master_msaldototal_rank	0.00071103345832436	0.00242404440164514	0.00130066901432811
vmr_mpagominimo_lag2	0.000708801143826894	0.000677488315724916	0.00110695235261967
mcomisiones_rank_tend3	0.000708800642703862	0.000891198710990792	0.00148746722383268
vmr_Master_mlimitecompra_lag2	0.000704624273836886	0.00151133356685521	0.00134909817975523
financiamiento_corto_caja_ahorro_avg3	0.000702387916114278	0.00201661158143033	0.00130758746653199
cproductos_avg3	0.000701688277639473	0.00251311679659835	0.00285040230799566
mfinanciamiento_corto_rank_lag1	0.00070153837644707	0.00071452436691863	0.00122456604008551
prestamos_saldo_total_ratioavg3	0.000700244358770468	0.00368230582170737	0.00119689223127002
Visa_cconsumos_min3	0.000699463395465462	0.000782250182612134	0.00136985353636684
mtransferencias_recibidas_rank_tend3	0.000698619957562902	0.000840724959117951	0.00149438567603656
part_dolares_total_lag2	0.000691249631092088	0.000731618904026554	0.00157048865027916
financiamiento_corto_saldo_total_min3	0.000689842909556886	0.00244372964004969	0.00156357019807529
Visa_cconsumos_lag3	0.00068947955921103	0.000797187924338762	0.00157740710248303
vmr_Visa_mlimitecompra_lag3	0.000689280425048907	0.00115663293163883	0.00133526127534748
ccomisiones_otras_min3	0.000682806811472671	0.0010236370544506	0.00186106364284182
mcomisiones_mantenimiento_rank_lag3	0.000681770308270252	0.00128233889467652	0.00115538151804678
mfinanciamiento_total_rank_lag1	0.000679538654017247	0.00136001577657383	0.0013560166319591
ccajas_consultas_ratioavg3	0.000678252678487031	0.00112773355963124	0.000477373202067234
vm_status05	0.000675148702519065	6.04801174990052e-05	6.91845220387295e-05
financiamiento_total_ahorro_max3	0.000673989141717751	0.00231994093982074	0.00125915830110488
vmr_msaldototal_max3	0.000668167511163838	0.00176936762823563	0.00175728685978373
mdescubierto_rank_delta3	0.000666534056208599	0.00178347693980979	0.00112770770923129
financiamiento_total_ahorro_tend3	0.000664364067354176	0.00115062368843919	0.00119689223127002
mdescubierto_rank_delta2	0.000661353639135323	0.00117220673463183	0.001252239848901
ccallcenter_transacciones_avg3	0.000660836385690264	0.00690294553597104	0.00198559578251154
Master_fultimo_cierre	0.000659506090645491	0.000943887387488479	0.00150130412824043
vm_fultimo_cierre_delta3	0.000654759447033056	0.000776452409591609	0.00103776783058094
mcuenta_debitos_automaticos_rank_delta3	0.000654248777721643	0.00439009603956564	0.00131450591873586
mvolumen_total_rank_lag1	0.000653927153328576	0.000684414008306861	0.00116229997025066
vmr_msaldopesos2_lag2	0.000653224789428735	0.0005662392016759	0.00155665174587141
ctarjeta_visa_transacciones_avg3	0.000653220681953471	0.00105922571106181	0.00153589638925979
catm_trx_ratioavg3	0.000645943753937872	0.00167068356875723	0.00166042852892951
Visa_cconsumos_delta3	0.000644437649219807	0.000828811294011803	0.00155665174587141
financiamiento_total_ahorro_lag3	0.000639932570042156	0.00137516616757173	0.00113462616143516
Visa_cconsumos_lag2	0.000634606172944577	0.00114959245443499	0.0015082225804443
vmr_msaldototal	0.000633553452891672	0.00130713838637574	0.001252239848901
ccallcenter_transacciones_max3	0.000632506019819173	0.00263349644661617	0.00132834282314361
vmr_mpagominimo_min3	0.000630505011484696	0.000922524006165479	0.00158432555468691
Visa_cconsumos_lag1	0.000627874187623438	0.000666561786576139	0.0013560166319591
vm_mfinanciacion_limite_rank_lag3	0.00062541236903463	0.000768833528728084	0.00142520115399783
financiamiento_total_saldo_total_ratioavg3	0.0006238320533881	0.00114305598017547	0.00139752734518234
mtransferencias_recibidas_rank_delta2	0.000622112112373081	0.00110755640397703	0.0014321196062017
mtransferencias_emitidas_rank_min3	0.000621507033085703	0.0034956182732745	0.00190257435606506
mtransferencias_emitidas_rank_lag2	0.000620266944166842	0.0029670329670848	0.00264976719408334
mpayroll_sobre_edad_rank_lag3	0.00061551290700571	0.00346715009527027	0.00281581004697629
mtransferencias_emitidas_rank_delta3	0.000615404923297789	0.00136758778852395	0.0014321196062017
Visa_cconsumos	0.000613790237896796	0.000885486068424307	0.00145287496281332
vmr_Master_mlimitecompra	0.000607112123443283	0.0010449719606979	0.00128683210992037
financiamiento_corto_saldo_total_max3	0.00060298770063371	0.000866424216045393	0.00131450591873586
mcuenta_corriente_rank_lag2	0.000602981194428671	0.00307251166305143	0.00104468628278482
mpayroll_sobre_edad_rank_delta3	0.000602393585089305	0.00183851018211544	0.00123840294449326
Visa_msaldopesos_rank_lag1	0.000599762193093314	0.00197284645127255	0.00150130412824043
mextraccion_autoservicio_rank_delta3	0.000597429645336543	0.00176803395709208	0.00145287496281332
mcomisiones_mantenimiento_rank_lag2	0.000596946144361224	0.000927359286254803	0.00107236009160031
ccaja_ahorro_avg3	0.000595923165057704	0.000990949789920489	0.000698763672591168
msaldo_total_rank_lag2	0.000595348452864601	0.000662170729458553	0.0013560166319591
mdescubierto_rank_delta1	0.000592075726225599	0.000715840292725155	0.00105160473498869
vmr_msaldopesos_lag1	0.000589958559677104	0.000934221720542299	0.00115538151804678
vm_mpagominimo_rank_delta3	0.000589792980977237	0.000899497986985947	0.00148746722383268
ccaja_ahorro_max3	0.000586188209682597	0.0012409964451824	0.000525802367494344
mtarjeta_visa_consumo_rank_max3	0.000585044733245863	0.00111204815556519	0.00144595651060945
mfinanciamiento_corto_rank_lag3	0.000584386786633732	0.00264963703921107	0.00134217972755135
ccaja_seguridad_lag2	0.000582566782834417	0.000178847941516757	9.68583308542213e-05
ctransferencias_recibidas	0.00058240888782137	0.00184697447205856	0.00134217972755135
ctarjeta_visa_transacciones_delta1	0.000581506138252411	0.0048165982583492	0.00153589638925979
ccomisiones_otras	0.000579871704114782	0.000952913220073375	0.00122456604008551
vm_mfinanciacion_limite_rank	0.000579298184482749	0.00060670776701474	0.00118305532686227
vmr_mconsumospesos_lag3	0.000578939336994369	0.000863506906220111	0.00138369044077459
vmr_mpagominimo_delta2	0.000578063773190034	0.00200046226355344	0.00136293508416297
thomebanking_delta3	0.000577324704438392	0.00133787991302141	0.000581149985125328
vm_cconsumos_max3	0.000575403637348971	0.00258849845769463	0.001252239848901
mttarjeta_visa_debitos_automaticos_rank	0.000570365977802137	0.000832920194375211	0.0014321196062017
vmr_msaldototal_min3	0.000569265897609855	0.00118800898673106	0.00113462616143516
vmr_msaldototal_lag2	0.000569014887186148	0.000760886211743053	0.00119689223127002
part_dolares_total_delta2	0.000568225997090951	0.00120012309750461	0.00131450591873586
mcomisiones_mantenimiento_rank_delta2	0.00056509263367447	0.0014871002162572	0.00106544163939643
mcomisiones_mantenimiento_rank_tend3	0.000562854434427447	0.00109657657986257	0.000878643429891865
inversion_antiguedad	0.00056194510609777	0.00516244980689564	0.000588068437329201
mfinanciamiento_total_rank_delta3	0.000557463162081848	0.00196691219833436	0.00125915830110488
ccallcenter_transacciones	0.000557313112517315	0.00126915163317244	0.000546557724105963
ccomisiones_otras_max3	0.000554529085232122	0.00120668504015482	0.00132142437093973
ctarjeta_visa_debitos_automaticos_avg3	0.000554283181758362	0.00073696520265855	0.00122456604008551
mprestamos_personales_rank_avg3	0.000554089390830296	0.000743595827427151	0.000359759514601393
mprestamos_rank_delta2	0.000553701864411124	0.000817858883790088	0.000435862488843996
msaldo_total_rank_lag1	0.000549440251559291	0.000879661824784762	0.00134909817975523
mtarjeta_visa_consumo_rank_lag1	0.000549374646871889	0.000737967961587056	0.0014321196062017
vmr_mpagospesos_delta2	0.000546376006345015	0.00140713984552587	0.00138369044077459
vmr_Visa_mlimitecompra_max3	0.000543669223010474	0.000697828657734237	0.00106544163939643
vmr_Visa_mlimitecompra	0.000543134171675387	0.000500725127058405	0.00112078925702742
ctarjeta_master	0.000540900144079437	7.15886395228659e-05	9.68583308542213e-05
vm_msaldopesos_rank_lag3	0.000534210067887647	0.00143810298254324	0.00126607675330875
mfinanciamiento_corto_rank_lag2	0.000532186617877423	0.000866065830982991	0.00119689223127002
ctransferencias_recibidas_min3	0.000527127354204727	0.0029690135471426	0.00121072913567777
ctarjeta_debito_max3	0.000526226534788553	0.00098794911827941	0.000947827951930594
vmr_mpagominimo_avg3	0.000523446821122664	0.00109281085427268	0.00110695235261967
mcaja_ahorro_total_rank_lag1	0.00052050240282644	0.000607841110400101	0.00127299520551262
vm_mconsumospesos_rank	0.000517658065764057	0.000812483697400142	0.00123148449228938
mcuenta_debitos_automaticos_rank_max3	0.000513377501709497	0.000958786160219178	0.0010239309261732
financiamiento_corto_saldo_total_avg3	0.000512571762018119	0.000875541546181999	0.00110695235261967
cproductos_delta1	0.00051211056343307	0.00046750273155093	0.000200635113912316
vm_mfinanciacion_limite_rank_lag2	0.000509471653194186	0.000543370945027539	0.00105160473498869
mpagomiscuentas_rank_delta2	0.000499015314987203	0.00387455019567761	0.00116921842245453
vmr_msaldopesos_min3	0.00049869695605334	0.000701160123681146	0.00108619699600805
ctarjeta_debito_lag3	0.000497623229851989	0.000959709861018275	0.00107236009160031
vmr_msaldototal_delta3	0.000495166399751081	0.000836802709043664	0.0011000339004158
mfinanciamiento_total_rank_delta2	0.000488150978308768	0.000651065744711176	0.000940909499726721
mextraccion_autoservicio_rank_delta2	0.000481963970961599	0.00133768595236089	0.00121072913567777
vm_mlimitecompra_rank_lag1	0.000478698939644488	0.000507304638181817	0.00103084937837707
mautoservicio_rank_min3	0.000477603586900097	0.00182511139147764	0.00315481420496607
financiamiento_total_saldo_total_lag2	0.000475620953576504	0.000743029981098983	0.00104468628278482
financiamiento_corto_caja_ahorro_lag1	0.00047540008247762	0.000505412843763754	0.000940909499726721
financiamiento_corto_saldo_total_delta3	0.000471136385171203	0.000827322867022092	0.00100317556956158
mtransferencias_emitidas_rank_lag1	0.000468722937485741	0.0010449572810005	0.00155665174587141
tcallcenter_max3	0.000460833323804931	0.000751712462046533	0.00107927854380418
vm_mconsumospesos_rank_lag3	0.000459176086621384	0.00037443651562925	0.00101009402176545
mfinanciamiento_corto_rank_delta1	0.000455635530847198	0.000897624586405598	0.000975501760746086
cpayroll_trx_lag3	0.000454498736034289	0.00143840365104435	0.000435862488843996
vm_mconsumospesos_rank_delta2	0.000451736509554094	0.000803539870675059	0.00110695235261967
vmr_mpagospesos	0.000450280987409839	0.0010333489418095	0.00100317556956158
mcomisiones_mantenimiento_rank_lag1	0.000449262084528044	0.000827895198357146	0.000940909499726721
Visa_Fvencimiento_delta3	0.000447607886824958	0.000231333401480458	0.000615742246144693
cproductos_max3	0.000445544620374411	0.00110877570318095	0.0015082225804443
vm_cconsumos_lag3	0.000443675273120842	0.000483199336992516	0.00101009402176545
ctarjeta_master_transacciones_ratioavg3	0.000442667931015429	0.00222099635992932	0.000830214264464754
vmr_Visa_mlimitecompra_lag2	0.000437942077882807	0.000885596077722948	0.000850969621076373
mcuenta_debitos_automaticos_rank_lag2	0.000435226296054117	0.000777787672509578	0.000864806525484119
mcuenta_debitos_automaticos_rank_avg3	0.000433602716185815	0.000990613866563759	0.000899398786503484
financiamiento_total_saldo_total_delta1	0.000427445648179285	0.000837724818068343	0.000933991047522848
ccheques_depositados_max3	0.000424775192538557	0.00419275091290597	0.000408188680028504
vm_cconsumos_lag2	0.000422922631913601	0.00127873859571686	0.000982420212949959
ccajas_consultas_max3	0.000421291533155037	0.001707177355466	0.000442780941047869
Master_fultimo_cierre_max3	0.000418107198148165	0.00112247256831711	0.000940909499726721
vmr_msaldopesos_delta1	0.000415437051633607	0.00221011840937758	0.00118997377906615
mcuenta_debitos_automaticos_rank_min3	0.000402446355777933	0.00117326691534859	0.000878643429891865
vmr_mconsumospesos_tend3	0.000402023140579537	0.00109056792620901	0.00103776783058094
financiamiento_corto_saldo_total_lag1	0.000401950079258111	0.00047788953126291	0.000878643429891865
vmr_msaldopesos_delta3	0.000400716277369603	0.000915521083046974	0.000954746404134467
vmr_Visa_mlimitecompra_min3	0.000398746530275439	0.000432707662918824	0.000850969621076373
mtransferencias_emitidas_rank_delta1	0.000398301550363737	0.000985180197202617	0.00104468628278482
mprestamos_rank_lag3	0.000397273091314141	0.00167546413897027	0.000532720819698217
catm_trx_other_ratioavg3	0.000394696353818478	0.00065743449311077	0.000823295812260881
cproductos_lag3	0.000392084026175837	0.00079993479639214	0.00123148449228938
mextraccion_autoservicio_rank_tend3	0.000384575146811723	0.00221769448919566	0.000913235690911229
cpayroll_trx_max3	0.000383886645765373	0.000741445752871172	0.000463536297659488
Master_mconsumospesos_rank	0.000378796282903051	0.00174083772475676	0.000947827951930594
ctarjeta_debito	0.000378529220162362	0.000525143830944158	0.000816377360057008
mprestamos_rank_delta1	0.000377965502795688	0.00274003107856778	0.00065725295936793
vmr_msaldototal_delta1	0.000376673880605361	0.0018386254383742	0.00120381068347389
ccomisiones_mantenimiento_lag3	0.000372696372264873	0.00129502781287867	0.000505047010882725
financiamiento_total_ahorro_lag2	0.000366936660596021	0.000488672741759491	0.000809458907853135
financiamiento_total_ahorro_lag1	0.00036004331392382	0.000679303587061717	0.000823295812260881
part_dolares_sald_delta2	0.00035850620280565	0.000645973245666882	0.00096166485633834
cmobile_app_trx_delta3	0.000358271769669621	0.00109705753155513	0.0008440511688725
mcuenta_debitos_automaticos_rank_delta2	0.000355705234780012	0.00198343982793118	0.000733355933610533
mcomisiones_mantenimiento_rank_delta1	0.000350898453592604	0.000494999750296578	0.000664171411571803
cpagomiscuentas_lag2	0.000350550426077658	0.00095019240595676	0.000830214264464754
Master_fultimo_cierre_delta2	0.000350303981493048	0.000307193715039587	0.000947827951930594
vm_fultimo_cierre_tend3	0.000345481720441931	0.000325447653469636	0.000761029742426025
Master_cconsumos	0.000340271702939977	0.000729104843720408	0.000767948194629897
matm_rank_delta2	0.000339011715915975	0.000750570570243002	0.000968583308542213
mcheques_depositados_rank_avg3	0.000335074189794246	0.00312029166097275	0.000325167253582029
ccomisiones_otras_delta2	0.000329693843894101	0.00273151213770299	0.000837132716668627
ctarjeta_visa_debitos_automaticos_max3	0.000326160581970401	0.00116828248010087	0.000740274385814406
ctransferencias_emitidas_tend3	0.000323690687413546	0.00355072237901905	0.000629579150552438
mtarjeta_master_consumo_rank_ratioavg3	0.00032264225397666	0.000773933515007602	0.000712600576998914
Visa_mpagado_rank_delta3	0.00031871389447277	0.00207688954357829	0.00065725295936793
vm_cconsumos_min3	0.000316983716085303	0.000558185058941063	0.000719519029202787
part_dolares_sald_tend3	0.000313870653141655	0.00103116090048593	0.000795622003445389
vm_status02_max3	0.00031383897987933	0.00196109096137983	0.00030441189697041
cproductos_lag2	0.000294413439528704	0.0009158525848081	0.0013560166319591
mv_status07_rank_delta1	0.000289182357392781	0.000247624092507473	0.000249064279339426
ctarjeta_visa_debitos_automaticos_lag2	0.000287610822864079	0.000353475912188521	0.000601905341736947
vm_mpagado_rank_delta3	0.000280265152625109	0.00103771853944975	0.000546557724105963
ctarjeta_master_transacciones	0.00027622297460787	0.00376919612975242	0.000505047010882725
prestamos_caja_ahorro_lag3	0.000267395061165701	0.000708479633044937	0.000546557724105963
vmr_msaldodolares_ratioavg3	0.000246106290957596	0.00229949943170399	0.000712600576998914
mv_status07_rank_lag3	0.000242860315947782	0.00176324495637008	0.000505047010882725
ctarjeta_visa_debitos_automaticos_tend3	0.000238980430676663	0.000840764753478392	0.000339004157989775
mcuenta_debitos_automaticos_rank_lag1	0.000238285024634481	0.000477791725568137	0.000553476176309836
mv_status07_rank	0.000234615131493839	0.000483683943870776	0.000332085705785902
vmr_mpagado_lag3	0.000228710869703531	0.000971533443483306	0.000505047010882725
Visa_mpagado_rank_lag1	0.000218225873134611	0.00105867277579281	0.000574231532921455
mtarjeta_master_consumo_rank_lag3	0.000213154538068375	0.00044985443380949	0.000498128558678852
thomebanking_lag3	0.000212826898665969	0.00018482758950315	0.000428944036640123
vm_status01_delta2	0.000211409315001101	0.000134061658592759	8.30214264464754e-05
financiamiento_corto_caja_ahorro_delta1	0.00021036112901267	0.000455127274999842	0.000491210106474979
inversion_antiguedad_lag3	0.000209022921867148	0.00185264000989321	0.000415107132232377
vm_status01_tend3	0.000198689065802998	0.000262465620313745	8.30214264464754e-05
ccaja_ahorro_lag2	0.00019746652158246	0.00052523833518088	0.000387433323416885
catm_trx_other_max3	0.000197189648288547	0.000703324347343059	0.000415107132232377
ctarjeta_visa_debitos_automaticos_lag1	0.000195546412527725	0.000254451566712389	0.00042202558443625
ccajas_consultas	0.000193805865562366	0.000625263494083451	0.000193716661708443
vm_Fvencimiento_tend3	0.000181667565099145	0.000198523157637936	0.000380514871213012
mtarjeta_master_consumo_rank_min3	0.000177841790422038	0.00307346189342415	0.000553476176309836
inversiones_caja_ahorro_total	0.000171172661340993	0.00068299974621409	0.00023522737493168
minversiones_total_rank_lag3	0.000170475495983773	0.00100584579178461	0.000290574992562664
vm_status04_ratioavg3	0.000153717731862582	0.00059640668730288	0.000193716661708443
ccuenta_debitos_automaticos_lag1	0.000146297114484808	0.000950373691376547	0.000325167253582029
matm_other_rank	0.00013369140660783	0.00105117145041776	0.000415107132232377
inversiones_saldo_total_min3	0.000125745986887048	0.00117562651458161	0.000249064279339426
vmr_msaldodolares2_lag2	0.000107806311992188	0.000792160334317943	0.00030441189697041
mtarjeta_visa_descuentos_rank_tend3	0.000106052825610108	0.00205918777400734	0.000200635113912316
vm_status04_delta3	0.00010517216437118	0.000378144288839411	0.000103776783058094
ccallcenter_transacciones_lag2	0.000102276473590165	0.00041539693926314	0.000242145827135553
vm_status01_delta1	0.000100511809167207	0.000153580586047969	7.61029742426024e-05
vm_Fvencimiento_delta2	9.03915655711544e-05	0.000209296404805755	0.00023522737493168
vm_mpagado_rank_delta1	8.6965806864239e-05	0.000278834426196441	0.000221390470523934
ccaja_seguridad_max3	7.73585519761157e-05	6.2240089413445e-05	2.76738088154918e-05
vm_status06_max3	6.67165683464964e-05	9.78661232461683e-05	8.99398786503483e-05
vm_status05_delta3	4.95650710021829e-05	0.000161158906141147	9.68583308542213e-05
Visa_cadelantosefectivo_max3	2.91765004647347e-05	0.000214620890232768	6.91845220387295e-05
