Feature	Gain	Cover	Frequency
ctrx_quarter_normalizado_max3	0.0631964774720981	0.00365027036093675	0.00219649568257615
ctrx_quarter_normalizado	0.0608116973151374	0.00425365891561183	0.0033854245382825
ctrx_quarter_normalizado_min3	0.0278467204276342	0.00693894147844211	0.00359701357192516
ctrx_quarter	0.0265658168838315	0.00472357473678978	0.00345595421616339
financiamiento_total_saldo_total_avg3	0.0216903814087978	0.00170363962290632	0.00124938286531854
mconsumo_tarjeta_total_rank	0.0188040418685012	0.00326089499855227	0.00449374804783927
mcuentas_saldo_rank	0.0165907528472881	0.00478755356440664	0.00491692611512459
vm_status01_tend3	0.0136022423823247	0.000537613169882486	0.00024181603844875
cpayroll_trx	0.0119124250527685	0.00269806136834153	0.00123930719704984
mpayroll_sobre_edad_rank	0.0109297577789258	0.00504985526735561	0.00236778204314401
mpasivos_margen_rank	0.00958197575514	0.00201929350176551	0.00306300315368417
ccomisiones_mantenimiento_ratioavg3	0.00778454680863846	0.00402264664168077	0.00135013954800552
mpayroll_rank	0.00752668690993335	0.00672386008720045	0.00191437697105261
mprestamos_rank	0.0068489688725584	0.00294428295586601	0.000816129129764532
mvolumen_total_rank	0.00676266954329715	0.00201591571808157	0.00218642001430745
vm_status04_delta3	0.00600062323979078	0.000374466563809539	0.000141059355761771
mpayroll_rank_ratioavg3	0.00585186945075901	0.00615545975572865	0.00224687402391964
mcuentas_saldo_rank_lag2	0.00576939187588873	0.00175761537388474	0.00271035476427974
cpayroll_trx_min3	0.00557999411671759	0.00362753100691416	0.00072544811534625
mprestamos_personales_rank	0.00551273744309506	0.00115094139329568	0.000614615764390573
foto_mes	0.00542944207178572	0.0118045942334315	0.0024383117210249
cpayroll_trx_avg3	0.0052052852830224	0.00269462914353105	0.00118892885570635
cdescubierto_preacordado_delta3	0.0046071311506719	0.00643284305979303	0.000584388759584479
mprestamos_personales_rank_ratioavg3	0.00415060215009159	0.00647129553199886	0.0014508962306925
mfinanciamiento_corto_rank	0.00401449794499039	0.00118822882539361	0.00205543632681438
ctarjeta_visa_transacciones_ratioavg3	0.00399102007353254	0.00497126905285969	0.00377837560076172
mcomisiones_otras_rank_lag3	0.00378318741471195	0.00222966810535187	0.00354663523058167
mrentabilidad_annual_rank_lag3	0.00369263980014695	0.00287223454423181	0.00396981329786698
mfinanciamiento_total_rank	0.00365561459280383	0.00270541437903687	0.00256929540851797
ctrx_quarter_normalizado_ratioavg3	0.0035969389313081	0.00233717459913556	0.00355671089885037
cdescubierto_preacordado_min3	0.00354773111202311	0.000840127010343765	0.000382875394210521
ccomisiones_mantenimiento_delta3	0.00344181907349908	0.00174006419517281	0.000765750788421042
mcomisiones_mantenimiento_rank_max3	0.0034329762354282	0.00208702261846859	0.0019244526393213
ctarjeta_visa_transacciones	0.00337918362526891	0.00221216983060526	0.00228717669699443
mprestamos_personales_rank_lag3	0.00334046671270932	0.00134093964394472	0.000604540096121875
vm_msaldopesos_rank	0.00333175857712105	0.00117378412141031	0.0019446039758587
mcaja_ahorro_rank	0.00321588477806669	0.00188974001699203	0.00317383550463985
mvolumen_total_rank_delta3	0.00319588293742035	0.00158002649766709	0.00254914407198057
mrentabilidad_annual_rank_delta3	0.00317702188402076	0.00250628679980613	0.00424185634112182
mcuentas_saldo_rank_ratioavg3	0.00316646797281794	0.00367229442260502	0.00464488307186974
mcuentas_saldo_rank_delta3	0.00316408521488481	0.00182065576457685	0.00392951062479219
mprestamos_personales_rank_delta2	0.00312058576170679	0.000848508638088748	0.000342572721135729
mtarjeta_visa_consumo_rank	0.00311368901408953	0.00259285357106541	0.0033753488700138
mrentabilidad_annual_rank_delta2	0.00302758534429858	0.00266038862116448	0.00440306703342099
cliente_edad_lag3	0.00302267911900676	0.00415039280914998	0.00475571542282542
mprestamos_personales_rank_min3	0.0030095239945958	0.000712065468630949	0.000403026730747917
mcuentas_saldo_rank_delta1	0.00300330408858362	0.00255387193110963	0.00440306703342099
ctrx_quarter_ratioavg3	0.00293753695388683	0.00277914687888422	0.0038892079517174
mcaja_ahorro_rank_ratioavg3	0.00293461371955721	0.00244179635369659	0.00374814859595563
ctrx_quarter_delta3	0.0028517459465016	0.00356429706200511	0.00405041864401656
numero_de_cliente	0.00284834035792681	0.00486843347963617	0.00464488307186974
mactivos_margen_rank_ratioavg3	0.00279349862430793	0.00232457641006765	0.00443329403822709
mactivos_margen_rank_delta3	0.00279126180762278	0.00382900211652138	0.00456427772572016
mrentabilidad_annual_rank_lag2	0.00272917638297637	0.00214244816867091	0.00401011597094177
mpasivos_margen_rank_max3	0.00270809839030074	0.00187005115941031	0.00201513365373958
vm_mpagominimo_rank	0.00260295060723514	0.00114946917713733	0.00188414996624651
vmr_msaldopesos2	0.00260282428438667	0.00169195373902241	0.00231740370180052
chomebanking_transacciones_ratioavg3	0.00257965254217043	0.00204993796355492	0.00453405072091407
Master_mfinanciacion_limite_rank_delta3	0.00252643288841562	0.0032740127481125	0.00458442906225755
mcuentas_saldo_rank_delta2	0.00248069310588216	0.00303630255035931	0.00383882961037391
mactivos_margen_rank	0.00241619004947852	0.00285475343445216	0.0024282360527562
mrentabilidad_annual_rank_delta1	0.00240721625521785	0.00190691074830203	0.0034156515430886
Master_Fvencimiento_avg3	0.00236871510279884	0.00247959143328739	0.00376829993249302
Master_fechaalta_lag1	0.00234519163570386	0.00189738905931896	0.00373807292768693
cproductos_delta2	0.00233711503601251	0.000530403627567668	0.000231740370180052
ccomisiones_mantenimiento_delta2	0.00233155511601147	0.000451941666937019	0.00029219437979224
mactivos_margen_rank_min3	0.00232736329183832	0.00376192180994987	0.00269020342774235
Master_Fvencimiento_lag3	0.00227169619039166	0.00323583901447454	0.00330481919213292
mpasivos_margen_rank_ratioavg3	0.00225947307636961	0.00207070859834514	0.00329474352386422
mcomisiones_rank_delta2	0.00225237397286761	0.00157591151708145	0.0028917167931163
mtransferencias_recibidas_rank_ratioavg3	0.00224923827123087	0.00200787969541753	0.00420155366804703
Visa_msaldopesos_rank	0.00222835157661741	0.00117692262033101	0.00186399862970912
antiguedad_relativa_max3	0.00222167781203225	0.00392885508459124	0.00381867827383651
prestamos_caja_ahorro	0.00220237328184887	0.00329383713207511	0.00113855051436287
chomebanking_transacciones_max3	0.00218494459734454	0.00212898609499742	0.00330481919213292
antiguedad_relativa	0.00217866330641728	0.00316508694213578	0.00351640822577557
Master_fechaalta_lag2	0.00217545583034632	0.00326617668450381	0.00361716490846255
cliente_antiguedad	0.00216020508127851	0.0034736447724169	0.0034156515430886
mrentabilidad_annual_rank_lag1	0.00215022183327491	0.00223882471854522	0.00320406250944594
antiguedad_relativa_delta3	0.00214691920403692	0.00257648792794433	0.00362724057673125
part_dolares_total_ratioavg3	0.00214656815657628	0.00244414603271796	0.00361716490846255
mtarjeta_visa_consumo_rank_delta3	0.00213126226394592	0.00131752714140459	0.00173301494221604
Master_fechaalta_ratioavg3	0.00211894265570042	0.00179868768119634	0.0034156515430886
mtransferencias_emitidas_rank_ratioavg3	0.00206043458528001	0.00281511043088152	0.0033753488700138
mcomisiones_rank_delta3	0.0020497799368727	0.000938600888605847	0.0024080847162188
mcaja_ahorro_dolares_rank_ratioavg3	0.00204904485418186	0.00266928276407953	0.00344587854789469
antiguedad_relativa_lag3	0.00204190833353718	0.00285845504676642	0.00364739191326865
mpasivos_margen_rank_lag2	0.00201849941995456	0.00180380617186503	0.00288164112484761
mactivos_margen_rank_delta2	0.00201707520263832	0.00334949517791193	0.00323428951425203
mactivos_margen_rank_lag2	0.00201571520077021	0.00191542482810546	0.00287156545657891
Visa_mfinanciacion_limite_rank_delta3	0.00200532397983169	0.00343472564368406	0.00367761891807474
thomebanking_ratioavg3	0.0019773252589055	0.00226439155253503	0.00125945853358724
ctrx_quarter_normalizado_delta1	0.00192853643595232	0.0018910799091887	0.00304285181714677
mvolumen_total_rank_delta2	0.00191381105268478	0.00129450866452382	0.00264990075466755
chomebanking_transacciones_delta3	0.00190180277179689	0.00231086467579271	0.00319398684117724
mactivos_margen_rank_lag1	0.00189995123106148	0.00199817726189436	0.00274058176908583
mtransferencias_recibidas_rank	0.00189209399948562	0.00243115650802282	0.00263982508639886
mdescubierto_rank	0.00189051536282851	0.0028917480373377	0.0024383117210249
cliente_edad	0.00188804186692877	0.0022941573985905	0.00325444085078943
Master_Fvencimiento	0.00188405238210206	0.00224318602921635	0.00299247347580328
ctrx_quarter_delta1	0.00188071779128622	0.00250942696398483	0.0033955002065512
chomebanking_transacciones	0.00187870391068934	0.00263704131987942	0.00280103577869802
cliente_edad_avg3	0.00187633908499204	0.00345272567347219	0.00307307882195287
mcomisiones_mantenimiento_rank_delta3	0.00187260184522267	0.00219881420534626	0.00227710102872573
mrentabilidad_rank_delta2	0.00186703047178843	0.00208999625684847	0.00318391117290854
mrentabilidad_annual_rank_tend3	0.00183792450571396	0.00158378869975277	0.00276073310562323
Master_mlimitecompra_rank_delta3	0.00182503168289784	0.00233326803199198	0.00354663523058167
vmr_msaldopesos_ratioavg3	0.00182386066763778	0.00209523848899536	0.00310330582675896
Visa_Fvencimiento_lag3	0.00182204097678034	0.00152593930250023	0.00285141412004151
Visa_mfinanciacion_limite_rank_delta1	0.00181676006412603	0.00166545871584933	0.00350633255750688
Visa_mlimitecompra_rank_delta2	0.00180574334103408	0.00165776624871793	0.00330481919213292
Visa_fechaalta	0.00179987200451554	0.00155599759347778	0.00259952241332406
Visa_mpagospesos_rank_lag3	0.00179515764136558	0.00161893371340048	0.00276073310562323
mtransferencias_recibidas_rank_avg3	0.00177970999503843	0.00509461996401415	0.00322421384598333
mactivos_margen_rank_delta1	0.00177322485329335	0.00222604591303397	0.00307307882195287
mpasivos_margen_rank_lag1	0.00177086332079057	0.00153423446492659	0.00249876573063708
Visa_fechaalta_lag3	0.00176773132761698	0.00199189539637574	0.00294209513445979
mcuentas_saldo_rank_tend3	0.00176556783768091	0.00147052220668462	0.00253906840371188
mcomisiones_otras_rank_min3	0.00175501462760093	0.00176298595899349	0.00220657135084485
Master_mlimitecompra_rank_delta2	0.00175153818893145	0.00362026599869866	0.00322421384598333
mcaja_ahorro_rank_max3	0.00174879381233613	0.00327501408055049	0.0024181603844875
Visa_mfinanciacion_limite_rank_delta2	0.00174680491174623	0.00185160330332011	0.00305292748541547
chomebanking_transacciones_lag2	0.00174574011107617	0.0015022982753254	0.00334512186520771
mcomisiones_rank_lag3	0.00174409109682529	0.00201102011578976	0.00320406250944594
mcomisiones_otras_rank_max3	0.00173932837966066	0.00249788134606224	0.00262974941813016
mactivos_margen_rank_lag3	0.00172391681833964	0.00354548182438336	0.0024383117210249
ctrx_quarter_normalizado_lag3	0.00172262348116307	0.00253870693899805	0.0033955002065512
Master_mlimitecompra_rank	0.00171885674223148	0.00170041632392498	0.00277080877389193
mrentabilidad_annual_rank_max3	0.00169252515694585	0.00182707802415355	0.00234763070660662
mcomisiones_rank_delta1	0.00168009884004323	0.0019392033031127	0.00302270048060938
vm_mlimitecompra_rank_delta3	0.00168000968159699	0.00167561345906145	0.00313353283156505
Master_mlimitecompra_rank_lag2	0.00167462659289054	0.00116988549626636	0.0024181603844875
cliente_edad_max3	0.00166797218929229	0.00210581121196253	0.00229725236526313
ctarjeta_debito_transacciones_ratioavg3	0.00165680955405577	0.00266467973480657	0.00276073310562323
mrentabilidad_rank_delta3	0.00165033339264599	0.0023813391624345	0.0029118681296537
Master_mfinanciacion_limite_rank_delta2	0.00163970644046931	0.00164979453063158	0.00307307882195287
mpasivos_margen_rank_delta3	0.00163933812900957	0.00295193596919276	0.00306300315368417
mcomisiones_otras_rank_lag1	0.00163742564306778	0.00210652125234935	0.00258944674505537
msaldo_total_rank	0.00163372302156561	0.00132625501471435	0.00214611734123266
vm_fechaalta	0.00163288376217934	0.00127238212544089	0.00217634434603875
cliente_edad_lag2	0.001631210160226	0.00282234187774372	0.00274058176908583
mcomisiones_mantenimiento_rank_ratioavg3	0.00162222974239892	0.00192177087010501	0.00280103577869802
Visa_mlimitecompra_rank_delta3	0.0016144859495128	0.00136856576158211	0.002901792461385
mcomisiones_rank_min3	0.00161105028310932	0.00235592271405071	0.00317383550463985
antiguedad_relativa_delta2	0.00160682863426297	0.00129122106096478	0.0028917167931163
mprestamos_rank_delta3	0.00160306875641647	0.00221661619753056	0.000755675120152344
Visa_mlimitecompra_rank_lag2	0.00159961173548761	0.00218454089483897	0.00264990075466755
Visa_mpagospesos_rank_delta3	0.00159530765442851	0.00193548798444422	0.00277080877389193
chomebanking_transacciones_avg3	0.00159435707066707	0.00170185421014941	0.00253906840371188
mrentabilidad_rank_lag3	0.00158726467901175	0.00278121717885387	0.00278088444216063
mpasivos_margen_rank_lag3	0.00158291783121461	0.00159509849152487	0.00328466785559552
vm_Fvencimiento_lag3	0.00157834670392079	0.00260704925493109	0.00250884139890578
mcuentas_saldo_rank_lag1	0.00157793283624935	0.00153300832266019	0.00309323015849026
Master_mfinanciacion_limite_rank_delta1	0.00157326821708835	0.00135599293567433	0.00305292748541547
mcuentas_saldo_rank_lag3	0.00156423668488035	0.0017537943753824	0.00275065743735453
mcomisiones_otras_rank_delta3	0.00156071359396991	0.000933066852020709	0.0024483873892936
mcuenta_debitos_automaticos_rank	0.00155022792232268	0.00293919866703446	0.00116877751916896
mrentabilidad_annual_rank_min3	0.00154736056551906	0.00132603468827284	0.00210581466815787
chomebanking_transacciones_delta1	0.00154398841352622	0.00303622313036295	0.00236778204314401
mrentabilidad_rank	0.00154365165869221	0.00143690295364442	0.00203528499027698
ctrx_quarter_normalizado_tend3	0.0015431740135982	0.00297497993733043	0.00270027909601104
Visa_mfinanciacion_limite_rank_lag3	0.00153890980751421	0.00150765220785428	0.00233755503833792
vm_status01_max3	0.00153730137325269	0.000920856411870519	0.000272043043254844
vmr_msaldopesos2_ratioavg3	0.00153708223579094	0.00243606491999147	0.00287156545657891
vm_Fvencimiento_lag1	0.00152703183956437	0.00273629658842828	0.00228717669699443
cproductos_ratioavg3	0.00152588172052763	0.00358527380449556	0.000926961480720209
vm_fechaalta_lag1	0.00152284377909807	0.00131353526181331	0.0019446039758587
msaldo_total_rank_delta2	0.00151507071067677	0.00116536841992495	0.00237785771141271
mcomisiones_rank_ratioavg3	0.00151001812752246	0.00097659951396151	0.00263982508639886
mcomisiones_mantenimiento_rank_avg3	0.00150127836182271	0.00197067872863822	0.00178339328355953
msaldo_total_rank_delta1	0.00149789650273626	0.00207530471039261	0.00278088444216063
Visa_fechaalta_min3	0.00149445065213103	0.00150931605677804	0.00210581466815787
mcomisiones_otras_rank_lag2	0.00148873691260065	0.00103726460627859	0.00234763070660662
mcaja_ahorro_rank_lag3	0.00148832744332626	0.00210669572014781	0.00306300315368417
Visa_mfinanciacion_limite_rank_lag2	0.0014810024918144	0.00151046444430606	0.00234763070660662
Master_mfinanciacion_limite_rank	0.00147764729398462	0.00378976786973847	0.00264990075466755
Visa_Fvencimiento_lag1	0.00147203658092172	0.00158701699450807	0.00216626867777005
mrentabilidad_annual_rank_avg3	0.00146569340873757	0.00112736684834361	0.0019446039758587
ccomisiones_otras_avg3	0.00146256569152581	0.00192471517432493	0.00305292748541547
mttarjeta_visa_debitos_automaticos_rank_lag3	0.00145800685117664	0.00267807212383809	0.00207558766335177
mcomisiones_mantenimiento_rank	0.00145568120413435	0.00239729002821976	0.00171286360567865
Visa_mpagominimo_rank	0.00144855875592976	0.00117516500457284	0.00201513365373958
mcomisiones_otras_rank_delta1	0.00144774600806641	0.0022445453921218	0.00231740370180052
Master_mfinanciacion_limite_rank_lag3	0.00143668326238156	0.00149389820164578	0.0024181603844875
mcomisiones_otras_rank_ratioavg3	0.001436228272343	0.00149505747739911	0.00262974941813016
vm_fultimo_cierre_ratioavg3	0.00143478825204174	0.00129150223337125	0.00258944674505537
Master_mlimitecompra_rank_lag1	0.00143183011035693	0.00116698154252845	0.00230732803353182
vmr_mpagominimo_delta3	0.0014302602059686	0.00209532559479782	0.00155165291337948
mcuentas_saldo_rank_min3	0.00142268166100627	0.0033188285553816	0.00406049431228526
mcomisiones_rank_lag2	0.00142002429590259	0.00110876770997003	0.00247861439409969
mvolumen_total_rank_delta1	0.0014177646071276	0.00139499058772615	0.00248869006236839
Visa_mlimitecompra_rank_delta1	0.00141736076870174	0.0023046866967532	0.00282118711523542
ccaja_ahorro	0.00141383176165324	0.00420868887983367	0.000906810144182813
mcaja_ahorro_rank_min3	0.0014106992583681	0.0026647075318053	0.00432246168727141
antiguedad_relativa_delta1	0.00140049985388779	0.00123863477563237	0.00270027909601104
mpasivos_margen_rank_delta1	0.00139665885194343	0.00151733991024909	0.00257937107678667
Master_Fvencimiento_max3	0.0013919635602213	0.00190724687422211	0.00239800904795011
vm_fechaalta_lag3	0.00138666791642016	0.00126226901367847	0.00220657135084485
mrentabilidad_rank_min3	0.00138630767053062	0.00136932896212778	0.00196475531239609
Visa_Fvencimiento	0.00138547079140838	0.000957359123165693	0.00213604167296396
vm_status06_delta3	0.00138117920676874	0.000164193540960459	0.000120908019224375
Visa_mconsumospesos_rank_delta3	0.0013777267399489	0.00139406227044611	0.00251891706717448
Visa_mpagospesos_rank_delta2	0.00137246177526728	0.00146020093767367	0.00252899273544318
mcuenta_corriente_rank_min3	0.00137133286464325	0.0014479532213639	0.00217634434603875
Master_Fvencimiento_lag1	0.00136340801403302	0.00190242108466904	0.00239800904795011
Visa_fechaalta_lag1	0.00135728561922556	0.00109049816458134	0.00213604167296396
mrentabilidad_rank_lag2	0.00135394343079988	0.00141122057636959	0.00249876573063708
mrentabilidad_rank_max3	0.00134771923227213	0.0021344799091973	0.00210581466815787
mfinanciamiento_total_rank_lag3	0.00133875442226525	0.00224278098723491	0.00177331761529083
mcaja_ahorro_rank_avg3	0.00133751918593151	0.00156073012858352	0.00253906840371188
ccomisiones_otras_ratioavg3	0.00133509736838029	0.00172067265019037	0.00221664701911354
mcuenta_corriente_rank_lag3	0.00133263288504925	0.0015594126533213	0.00149119890376729
Visa_mpagominimo_rank_delta2	0.00132319669730194	0.00154598606245264	0.00239800904795011
thomebanking	0.00132021311343572	0.000727038827977122	0.000413102399016615
Visa_cconsumos_ratioavg3	0.00131490043905164	0.00210294069148115	0.00283126278350412
mrentabilidad_rank_lag1	0.00130245747179227	0.000987665153293187	0.00218642001430745
ctrx_quarter_lag3	0.00130230226663752	0.00186496097812741	0.00277080877389193
msaldo_total_rank_delta3	0.00129690953040026	0.00108578804641006	0.00212596600469526
ccaja_seguridad	0.00129535719375223	0.00202225433046856	0.000251891706717448
Visa_msaldototal_rank	0.00129172766198952	0.00155114451931305	0.00230732803353182
vm_Fvencimiento	0.00128031950947401	0.00195884130627739	0.00214611734123266
mcomisiones_rank_max3	0.00127683840251225	0.00178076117895322	0.00201513365373958
mfinanciamiento_total_rank_lag1	0.00127375152133412	0.00172698846135259	0.00178339328355953
vm_status01	0.0012734244469611	0.00063154819535254	0.000231740370180052
vm_Fvencimiento_lag2	0.00127270095939483	0.00124515695068836	0.00199498231720219
ccallcenter_transacciones_ratioavg3	0.00126355924225901	0.00137842229551758	0.00120908019224375
financiamiento_corto_saldo_total	0.00126187979007168	0.00192076940957025	0.00185392296144042
mvolumen_total_rank_lag3	0.00125860426426862	0.00176625537281143	0.00211589033642656
Visa_mconsumospesos_rank_lag1	0.00124744852111343	0.00143322247729693	0.00218642001430745
Visa_Fvencimiento_min3	0.0012470418818953	0.00108387889217496	0.00203528499027698
mrentabilidad_rank_ratioavg3	0.00124562659100025	0.00153117871651822	0.00248869006236839
mrentabilidad_annual_rank	0.00124317038947343	0.00170424923542677	0.00185392296144042
mcomisiones_rank_lag1	0.0012423021413638	0.00177657241462902	0.00235770637487531
mcaja_ahorro_total_rank	0.0012332138008992	0.00127201013242568	0.00183377162490302
mactivos_margen_rank_max3	0.00122933284219571	0.00176687971646024	0.00208566333162047
cliente_edad_lag1	0.00122879282615473	0.00248231284913043	0.00232747937006922
mdescubierto_rank_lag3	0.00122750346986026	0.0017930739684213	0.00182369595663432
Master_fultimo_cierre	0.00122705395587723	0.00100565339817864	0.00172293927394734
vmr_mpagospesos_ratioavg3	0.00122435378328671	0.00119140037328054	0.00227710102872573
mactivos_margen_rank_avg3	0.00121147951423224	0.00193649290359173	0.00193452830759
mcaja_ahorro_rank_delta3	0.00121144962537529	0.00165446288925639	0.00227710102872573
Visa_mpagominimo_rank_lag1	0.00121119282796825	0.00151922331703376	0.00202520932200828
ccomisiones_mantenimiento_delta1	0.00120888185219838	0.000840912884017433	0.00024181603844875
Visa_Fvencimiento_lag2	0.00120692999324054	0.00153788842524303	0.00204536065854568
ctrx_quarter_max3	0.00120560346060809	0.00327541130862906	0.00239800904795011
mcaja_ahorro_total_rank_delta3	0.0012026544068446	0.00170913458997711	0.00217634434603875
mrentabilidad_rank_tend3	0.00119100629422781	0.00152858104215337	0.00211589033642656
vmr_msaldopesos2_delta3	0.00118809626652245	0.00223632977778857	0.00216626867777005
Visa_mpagospesos_rank_delta1	0.00118718071896677	0.00395416277881873	0.0024181603844875
Visa_mpagominimo_rank_lag3	0.00118692897244071	0.00113000064599713	0.00203528499027698
Master_fultimo_cierre_min3	0.00118492298103416	0.00128316210897921	0.00171286360567865
financiamiento_total_saldo_total	0.00118110738217716	0.00279147375899682	0.00203528499027698
ctarjeta_visa_debitos_automaticos_ratioavg3	0.00117398112453196	0.00106951847586522	0.00190430130278391
Master_mlimitecompra_rank_delta1	0.00117288782029167	0.00143243416978467	0.00259952241332406
mconsumo_tarjeta_total_rank_delta3	0.00116978941466689	0.00141691729585049	0.00224687402391964
Visa_msaldototal_rank_delta3	0.00116458213746053	0.00113309584821014	0.0019446039758587
vmr_msaldopesos2_lag2	0.00116257796541943	0.00103670469530424	0.00190430130278391
ccaja_seguridad_avg3	0.0011600252000609	0.00088264117487962	0.000181362028836563
mpagomiscuentas_rank	0.00115963044315804	0.0052563705715059	0.00190430130278391
Visa_cconsumos_avg3	0.00115563675925036	0.00120328890625193	0.0019546796441274
vm_fechaalta_lag2	0.00115474649664185	0.00115078998291552	0.00196475531239609
vm_fultimo_cierre_max3	0.00115168072782122	0.0030051061195952	0.00164233392779776
Visa_mconsumospesos_rank_delta2	0.00114104993599572	0.00146462475956775	0.00218642001430745
Visa_cconsumos_max3	0.00113777709552714	0.00173503870275792	0.00225694969218833
Visa_Fvencimiento_max3	0.00112790534098845	0.00117428395500031	0.00173301494221604
Visa_mconsumospesos_rank	0.00112728638495249	0.000968334069985397	0.00204536065854568
mautoservicio_rank_max3	0.00112491370004125	0.00273711922587446	0.00268012775947365
vmr_mpagospesos_lag3	0.0011195904323708	0.00224761689643268	0.00189422563451521
ctransferencias_recibidas_lag3	0.00111610745559573	0.00196220243738145	0.00193452830759
vm_mfinanciacion_limite_rank_lag3	0.00111278064509175	0.000985992209498875	0.00181362028836563
vm_fechaalta_ratioavg3	0.00111104322622478	0.00144840271292395	0.00193452830759
thomebanking_delta3	0.00110642236866261	0.000739271044577928	0.000332497052867031
mdescubierto_rank_lag2	0.00110022708210613	0.00224758897133718	0.00168263660087255
vm_Fvencimiento_avg3	0.00109335720743162	0.00136611040272687	0.00165240959606646
ccajas_consultas_ratioavg3	0.00109243832200538	0.000873309581500746	0.000342572721135729
mcuentas_saldo_rank_avg3	0.00109062087639202	0.0022855295688568	0.00258944674505537
tcallcenter_ratioavg3	0.00108953119493671	0.000740676650416748	0.000806053461495834
mpasivos_margen_rank_min3	0.00108802310318439	0.001484880061059	0.00250884139890578
mautoservicio_rank_lag3	0.00108125774805207	0.00349171384636316	0.00269020342774235
vmr_msaldopesos2_max3	0.0010769970539305	0.00180621029201294	0.0019546796441274
mcaja_ahorro_dolares_rank_delta2	0.00107111599730547	0.00615322369854078	0.00158187991818557
financiamiento_total_ahorro_lag3	0.00107088997071768	0.00174675584225329	0.00158187991818557
vm_mpagominimo_rank_lag2	0.00106550565187613	0.00127769788513281	0.00149119890376729
mrentabilidad_rank_avg3	0.00105878931208834	0.00112620885355796	0.00174309061048474
mfinanciamiento_corto_rank_lag2	0.00105877361806544	0.00111430328371639	0.00151135024030469
mcuenta_corriente_rank_delta3	0.00105643776894643	0.00122563961467943	0.00161210692299167
mtransferencias_recibidas_rank_delta2	0.00105616443165418	0.00158066826247639	0.0019244526393213
cproductos_avg3	0.00104855198546456	0.00202559073889633	0.00246853872583099
Visa_mpagominimo_rank_lag2	0.00104718534669406	0.00110200253534453	0.00184384729317172
ccomisiones_otras_lag1	0.00104182733464105	0.00166295672977042	0.00167256093260386
Master_status_max3	0.00104048235991544	0.000105279915756679	5.03783413434896e-05
vm_cconsumos_ratioavg3	0.00103773022302066	0.000926153853724562	0.00189422563451521
mcaja_ahorro_rank_lag2	0.00103750822873657	0.00129832453915543	0.00222672268738224
mcaja_ahorro_rank_lag1	0.00103530646375203	0.00231673586307207	0.00197483098066479
mtransferencias_emitidas_rank_lag3	0.00102450042405164	0.00540694832267089	0.00238793337968141
financiamiento_total_ahorro_max3	0.00102434001043922	0.00230752404017158	0.00137029088454292
ctarjeta_visa_transacciones_min3	0.00102379476062075	0.00192439288285583	0.0024483873892936
ccomisiones_mantenimiento_avg3	0.00102154391228056	0.00379406807825111	0.000836280466301928
mcaja_ahorro_total_rank_lag1	0.0010157287995174	0.00129050269428802	0.00178339328355953
Visa_mpagominimo_rank_delta3	0.00101521367890771	0.00103240282153361	0.00160203125472297
mcuenta_corriente_rank_delta2	0.00101506826532134	0.00145955994144498	0.00148112323549859
cproductos_delta3	0.00101384588122634	0.00183624360412067	0.000403026730747917
mcuenta_debitos_automaticos_rank_ratioavg3	0.00100989479207528	0.00130101149696779	0.00176324194702214
mfinanciamiento_corto_rank_delta3	0.00100393238408647	0.00240838974129181	0.00148112323549859
part_dolares_total_lag2	0.00100038526085466	0.00109138574708906	0.00175316627875344
mdescubierto_rank_lag1	0.000999868416028467	0.00178147365317864	0.00168263660087255
mcuentas_saldo_rank_max3	0.00099972122702461	0.00140993166668671	0.00186399862970912
part_dolares_total_max3	0.000999287430296993	0.00318503557996366	0.00178339328355953
mautoservicio_rank	0.000998092674651638	0.00642157976714783	0.00261967374986146
mprestamos_personales_rank_lag1	0.000993795545973031	0.000902075888472985	0.000372799725941823
mcaja_ahorro_total_rank_lag3	0.000990968313216213	0.00150238691828908	0.00206551199508307
vm_Fvencimiento_min3	0.000986323958358559	0.00113284887764081	0.00172293927394734
mfinanciamiento_corto_rank_delta2	0.00098631866768851	0.00124437197369207	0.00141059355761771
vm_mlimitecompra_rank_lag1	0.000978011957056364	0.00109485511996235	0.00156172858164818
mconsumo_tarjeta_total_rank_lag1	0.000977798141228854	0.00163229369394961	0.00227710102872573
Visa_cconsumos_lag3	0.000977542481418632	0.00106395510512013	0.00180354462009693
Visa_msaldopesos_rank_lag1	0.000972844972248729	0.0024525990103629	0.00199498231720219
vmr_msaldopesos2_avg3	0.000972267446443835	0.00246851042234351	0.00175316627875344
cpayroll_trx_max3	0.000970036938552342	0.000959827035504225	0.0004836320768975
vmr_mpagominimo_lag2	0.000965671914975118	0.00136214414248925	0.00149119890376729
cproductos	0.000965352515178703	0.00270986292360723	0.00223679835565094
mdescubierto_rank_delta1	0.000961838329375393	0.00090940789129832	0.00130983687493073
ctarjeta_visa_transacciones_delta3	0.00096076525640039	0.00243576478926328	0.00150127457203599
mcomisiones_rank_avg3	0.000960636860246647	0.00108093036076167	0.00168263660087255
mpayroll_rank_delta3	0.000960025040833934	0.00281525658929418	0.00116877751916896
mdescubierto_rank_delta3	0.000958951160799365	0.00188572559236952	0.00149119890376729
financiamiento_total_saldo_total_lag2	0.00095470939062787	0.00119998580298393	0.00154157724511078
Visa_msaldototal_rank_delta2	0.000943388793706447	0.00104299450282249	0.00165240959606646
mttarjeta_visa_debitos_automaticos_rank_delta2	0.000940316343418878	0.00132650032002569	0.0014508962306925
vmr_mpagado_ratioavg3	0.000936153436187036	0.00168001832263381	0.00158187991818557
mdescubierto_rank_delta2	0.000934781633474678	0.00189930769271492	0.00142066922588641
msaldo_total_rank_lag3	0.000930978364699125	0.00104058974219074	0.00174309061048474
mpasivos_margen_rank_avg3	0.000927537534260886	0.00147309131547013	0.00234763070660662
mfinanciamiento_corto_rank_lag3	0.000926228626624401	0.00222714908240278	0.00155165291337948
cproductos_delta1	0.00092406921928393	0.000729252852520836	0.000251891706717448
vmr_Master_mlimitecompra_lag2	0.00091989162425636	0.00120875364248541	0.0014307448941551
financiamiento_corto_caja_ahorro_min3	0.00091297145982355	0.0027000870906358	0.0014710475672299
mcomisiones_rank	0.000912214494244075	0.00121402853930823	0.00151135024030469
vm_Fvencimiento_delta3	0.000904345783539266	0.000525623824754423	0.000957188485526303
financiamiento_corto_saldo_total_tend3	0.000902887118524619	0.00119329223445192	0.00157180424991688
Visa_cconsumos_delta3	0.000900990402174004	0.000909290426561767	0.00171286360567865
cmobile_app_trx_max3	0.000896011296060261	0.00315605432661418	0.00127960987012464
mttarjeta_visa_debitos_automaticos_rank_max3	0.000889269299090034	0.00106371594845367	0.00142066922588641
mcomisiones_otras_rank_avg3	0.000886580572618679	0.00134258069164372	0.00167256093260386
mcomisiones_otras_rank_tend3	0.000884804461024306	0.00118865897434164	0.00157180424991688
mcomisiones_otras_rank	0.000872070510570528	0.0010035716975966	0.00163225825952906
mpayroll_rank_max3	0.000867594912143973	0.00378965014880838	0.00180354462009693
financiamiento_total_saldo_total_ratioavg3	0.000866430294062572	0.00196673219530292	0.00148112323549859
vmr_Visa_mlimitecompra_max3	0.000861300906409244	0.000994701508777231	0.00125945853358724
mcaja_ahorro_dolares_rank_lag1	0.000858960989920537	0.00100652317523556	0.00160203125472297
mpayroll_sobre_edad_rank_delta3	0.00085816896182074	0.00147044573291393	0.00137029088454292
Visa_msaldopesos_rank_delta1	0.000857909602513496	0.00143911877154289	0.00156172858164818
Visa_fultimo_cierre_lag3	0.00085266737025256	0.00175338779623974	0.00153150157684208
mextraccion_autoservicio_rank_delta3	0.000852090084084343	0.00182161661843605	0.00142066922588641
financiamiento_total_saldo_total_lag3	0.000851006345143998	0.00193793181459031	0.0014408205624238
mtransferencias_recibidas_rank_tend3	0.000845367250292609	0.00111752658269773	0.00159195558645427
vmr_Master_mlimitecompra	0.000845330576812877	0.00149327308941636	0.0014307448941551
mcomisiones_rank_tend3	0.000843966483187306	0.000892525121523508	0.00169271226914125
financiamiento_corto_saldo_total_min3	0.000842207906970623	0.00236969811241952	0.00162218259126037
msaldo_total_rank_lag2	0.000838325795366367	0.00102906116113834	0.00167256093260386
vmr_msaldototal_lag2	0.000836968477488374	0.00161793186857541	0.00158187991818557
ccomisiones_otras_max3	0.000836447360349862	0.002944926001643	0.00150127457203599
mcuenta_debitos_automaticos_rank_delta3	0.000835204819536605	0.00360260785918518	0.00132998821146813
vm_fultimo_cierre_delta3	0.000834828495222593	0.000893786234207659	0.00102771816340719
mcomisiones_mantenimiento_rank_lag3	0.000834180824129837	0.00149169416865	0.00121915586051245
Visa_cconsumos_tend3	0.000833536063889303	0.00291045195886777	0.00135013954800552
mcuenta_corriente_rank_lag2	0.000828172475485134	0.00339446636656101	0.00132998821146813
mcomisiones_mantenimiento_rank_lag1	0.000826342366114533	0.00117658892824953	0.00122923152878115
vm_mlimitecompra_rank_lag3	0.000824265398085487	0.000786109499818868	0.00132998821146813
mvolumen_total_rank_lag2	0.0008231001096719	0.000859779232249744	0.00138036655281162
thomebanking_max3	0.000820447296462003	0.00038209395778263	0.000362724057673125
mtarjeta_visa_consumo_rank_delta1	0.000817609723787508	0.00105034226155033	0.00164233392779776
Visa_cconsumos_lag2	0.000816719818780337	0.000700130436532656	0.00132998821146813
mautoservicio_rank_lag2	0.000813942741037308	0.00106927432342479	0.00232747937006922
ccajas_consultas_delta3	0.000812831424427566	0.0019259851256861	0.000302270048060938
ccajas_transacciones_ratioavg3	0.00081174726838969	0.00123524559133605	0.000967264153795
ccallcenter_transacciones_avg3	0.000810041554156765	0.00471990028099041	0.00183377162490302
mcuenta_corriente_rank_max3	0.000807225362050946	0.00341143790739627	0.00115870185090026
Visa_cconsumos_min3	0.000801200724992586	0.00095789738578619	0.0014307448941551
vmr_mpagominimo_max3	0.000799921683900596	0.00172543913093971	0.00151135024030469
mfinanciamiento_total_rank_delta3	0.000798853913615556	0.00229072158707051	0.00130983687493073
vm_mpagominimo_rank_lag1	0.000795408434093311	0.000602186622697898	0.00105794516821328
vm_mpagominimo_rank_delta3	0.000793895157920447	0.00095494398669571	0.00155165291337948
vmr_Visa_mlimitecompra	0.000791802893608034	0.000978117973053224	0.00118892885570635
catm_trx_ratioavg3	0.00078281188629227	0.00286422093850222	0.00161210692299167
vm_mfinanciacion_limite_rank	0.000778057665641181	0.000831884879979487	0.00136021521627422
vmr_msaldopesos2_min3	0.000771730084333006	0.00124038726751981	0.00142066922588641
mtarjeta_master_consumo_rank	0.000764628477379523	0.00111338009030707	0.000503783413434896
vm_msaldopesos_rank_lag3	0.000762222063810776	0.00148110556168356	0.00132998821146813
vmr_Visa_mlimitecompra_lag2	0.000758483917937709	0.00095930760310867	0.000967264153795
vm_cconsumos_max3	0.000757470707067634	0.00197894904029153	0.00152142590857339
vmr_mconsumospesos_lag3	0.000754146487661915	0.000601160567583622	0.00138036655281162
vm_msaldopesos_rank_delta1	0.000753840729877378	0.00184309268212943	0.0014508962306925
tcallcenter_delta3	0.000753306174046752	0.000276089014317236	0.000211589033642656
mtransferencias_emitidas_rank_delta3	0.000750853206469596	0.00103150217315553	0.00139044222108031
financiamiento_corto_saldo_total_max3	0.000750759137818151	0.000739421814474245	0.00124938286531854
vmr_msaldototal_delta3	0.000749555046756253	0.00100369761671986	0.0014307448941551
vmr_mpagospesos_delta2	0.000743537230094623	0.00117223940248109	0.00131991254319943
mcuenta_debitos_automaticos_rank_min3	0.000742517447990868	0.00117940603237851	0.000997491158601094
vmr_Visa_mlimitecompra_lag3	0.000741380708169928	0.000712151421562495	0.00122923152878115
financiamiento_corto_caja_ahorro_avg3	0.000738478095847181	0.0021847049867992	0.00127960987012464
vmr_msaldopesos_delta3	0.000737311861603679	0.00104036390758819	0.0014408205624238
vmr_mpagospesos_min3	0.000733800080221045	0.000828088604153434	0.00134006387973682
mfinanciamiento_corto_rank_lag1	0.000733239844615587	0.000749383259662969	0.00110832350955677
financiamiento_corto_saldo_total_delta3	0.000732766307119393	0.000993968282875343	0.00111839917782547
part_dolares_total_delta2	0.000732035475932298	0.00134983596450483	0.00127960987012464
financiamiento_total_ahorro_lag2	0.000729712347109406	0.00157212203038412	0.00116877751916896
Visa_Fvencimiento_delta3	0.00072928970065043	0.00030691793545303	0.000806053461495834
vm_mpagominimo_rank_lag3	0.000727477858823143	0.00110447236913458	0.00134006387973682
financiamiento_total_ahorro_tend3	0.00072613965519663	0.00129178827345492	0.00116877751916896
financiamiento_corto_saldo_total_lag1	0.000723399648112398	0.00110274139750422	0.00115870185090026
mextraccion_autoservicio_rank_delta2	0.000718687602447289	0.00199637404368666	0.00138036655281162
mcomisiones_mantenimiento_rank_lag2	0.000717656481950942	0.00128993637847526	0.00124938286531854
ctarjeta_debito	0.00071393609155897	0.00110804088890656	0.00101764249513849
Master_msaldototal_rank	0.000713759980096492	0.00243121953163284	0.00115870185090026
ccomisiones_otras_min3	0.000713246744609968	0.0009915922159197	0.00178339328355953
ccomisiones_otras	0.000712418497980432	0.000982090894322796	0.00141059355761771
Visa_cconsumos_lag1	0.000704850987782847	0.000677180747616477	0.00110832350955677
mfinanciamiento_corto_rank_delta1	0.000704313419059663	0.00126728720457757	0.00120908019224375
vmr_mpagominimo_avg3	0.000700592701739871	0.00152681740584709	0.00128968553839333
mttarjeta_visa_debitos_automaticos_rank	0.000697036687705358	0.0010711887296274	0.00132998821146813
mcomisiones_mantenimiento_rank_delta2	0.000684299752847351	0.00184160381339119	0.00117885318743766
vmr_mpagominimo_lag1	0.000684096882091784	0.000761060561063394	0.00114862618263156
prestamos_saldo_total_ratioavg3	0.000682680437976125	0.00228287335426883	0.000987415490332396
minversiones_total_rank	0.000682162192513269	0.00357802327121488	0.000413102399016615
vm_mfinanciacion_limite_rank_lag2	0.000672395965261251	0.000690573392841531	0.00115870185090026
mtransferencias_emitidas_rank_min3	0.000671187662793971	0.00545368481288424	0.00158187991818557
cmobile_app_trx_delta3	0.000661402792002918	0.00140136263336967	0.00112847484609417
inversion_antiguedad_ratioavg3	0.000661300277027102	0.00160098607519059	0.000594464427853177
ctarjeta_visa_transacciones_avg3	0.000657773838559817	0.000945532332836633	0.0014408205624238
financiamiento_corto_saldo_total_avg3	0.000656445063194096	0.000889904133546829	0.00108817217301938
vmr_msaldototal_min3	0.000654490102648743	0.00137289453567409	0.00120908019224375
vmr_msaldopesos_lag1	0.000654427268498737	0.000862663843375635	0.000997491158601094
mvolumen_total_rank_lag1	0.000652829262850414	0.000837885957381935	0.00128968553839333
financiamiento_total_ahorro_lag1	0.000651851271485327	0.000990017394249923	0.00102771816340719
tcallcenter_max3	0.000650287594084548	0.000924151316945352	0.00109824784128807
vmr_mpagominimo	0.00064701062666199	0.000861481125913698	0.00121915586051245
mfinanciamiento_total_rank_delta2	0.000644993174968065	0.000753026587947643	0.000866507471108021
vmr_mpagominimo_min3	0.000641178280780251	0.00116953412683085	0.00135013954800552
ctarjeta_visa_debitos_automaticos_avg3	0.000638689996235418	0.000683741607896501	0.00128968553839333
ctransferencias_recibidas	0.00063134760552881	0.00166987062474395	0.00121915586051245
ccallcenter_transacciones_delta3	0.000628285837309316	0.00169034151309628	0.000604540096121875
Master_fultimo_cierre_max3	0.000626897161965493	0.0015026023770534	0.000947112817257605
Visa_cconsumos	0.000625580777971453	0.000986252630228877	0.00149119890376729
mtarjeta_visa_consumo_rank_lag1	0.000624632660847245	0.000774918453751001	0.00174309061048474
financiamiento_total_saldo_total_delta1	0.000623515986500279	0.00154745315474026	0.00102771816340719
mprestamos_rank_delta2	0.000616205386098233	0.00146234630234957	0.000453405072091406
mpagomiscuentas_rank_delta2	0.000613900612780499	0.00385725104064636	0.00128968553839333
mtransferencias_emitidas_rank_lag2	0.000609179610823374	0.00161197831507401	0.00191437697105261
vmr_mconsumospesos_tend3	0.000606435249279612	0.00110489713801835	0.00113855051436287
vmr_mpagospesos	0.000603366204965051	0.00104114004590746	0.00102771816340719
vmr_mpagominimo_delta2	0.000603173773110298	0.00131728170799648	0.00131991254319943
financiamiento_corto_caja_ahorro_lag1	0.000600926203950847	0.00085011971114396	0.00103779383167589
msaldo_total_rank_lag1	0.000592232059145279	0.00112404068765731	0.00155165291337948
mpayroll_sobre_edad_rank_lag3	0.000585611417196257	0.00336700984904489	0.00212596600469526
ccajas_consultas_avg3	0.000584418026244077	0.00121608090573032	0.000403026730747917
cdescubierto_preacordado	0.000582274583855711	0.00089967625171197	0.000362724057673125
vm_fultimo_cierre_tend3	0.000582075606586257	0.000989684726942585	0.000846356134570625
ctarjeta_visa_transacciones_delta1	0.000578650282598925	0.00438451168590643	0.00149119890376729
mcomisiones_mantenimiento_rank_delta1	0.00057606048872806	0.000962510790897383	0.00107809650475068
ctarjeta_master_transacciones_ratioavg3	0.000570598703442245	0.00144635175556631	0.000735523783614948
mprestamos_personales_rank_avg3	0.0005665876050743	0.000853963254677525	0.000352648389404427
vmr_msaldototal_max3	0.000565846061920279	0.00131360776458418	0.00141059355761771
mcomisiones_mantenimiento_rank_tend3	0.000565213437344969	0.00136920586113343	0.00102771816340719
ccallcenter_transacciones	0.000565069647440147	0.00164013001375183	0.000503783413434896
vmr_msaldototal	0.000564914729879721	0.000805390497290244	0.00110832350955677
mcuenta_debitos_automaticos_rank_delta2	0.000561756139581404	0.00141946257863709	0.000967264153795
thomebanking_avg3	0.000561225921238403	0.000852321182204378	0.00082620479803323
ctransferencias_recibidas_min3	0.000555638394959865	0.0023399364935574	0.000987415490332396
ccaja_ahorro_max3	0.0005539506159643	0.00141347610426624	0.000523934749972292
cproductos_max3	0.000550080417503232	0.0011813115999041	0.0014408205624238
mprestamos_rank_lag3	0.000547357099572287	0.00336467951263553	0.000735523783614948
ctarjeta_debito_max3	0.000547099001863714	0.000701863842001617	0.000765750788421042
mtarjeta_visa_consumo_rank_max3	0.000545029790462487	0.000545138983118295	0.00110832350955677
vm_mconsumospesos_rank_lag3	0.000543226021958062	0.000449990496961906	0.00105794516821328
matm_rank_delta2	0.000540670374603623	0.00119047128741989	0.00109824784128807
vm_cconsumos_lag3	0.000537201617292908	0.000555886301980687	0.00106802083648198
mtransferencias_emitidas_rank_lag1	0.000533869064327183	0.00171029706814966	0.00163225825952906
vm_cconsumos_min3	0.000526997629257763	0.000603945903714062	0.00082620479803323
vm_status04	0.00051924404799025	0.000426982267822604	0.000392951062479219
vm_mconsumospesos_rank_delta2	0.000514878573165804	0.00078458373921136	0.00100756682686979
ctarjeta_visa_debitos_automaticos_max3	0.000511848475270277	0.000758556653532963	0.000675069774002761
Master_mconsumospesos_rank	0.000498757364153967	0.00127446664415183	0.000906810144182813
part_dolares_sald_tend3	0.000497193429689902	0.000725237787414485	0.000997491158601094
Visa_status	0.000495713339487351	0.00055979953015622	0.000100756682686979
vmr_msaldopesos_delta1	0.000490422489242359	0.00154243470764763	0.00104786949994458
vmr_msaldopesos_min3	0.000490132037155841	0.000709975185565436	0.000997491158601094
vm_mconsumospesos_rank	0.000486056719084007	0.000975235795765931	0.00124938286531854
ccajas_consultas_max3	0.000483632938381864	0.00132245438359818	0.000413102399016615
part_dolares_sald_delta2	0.0004828884083792	0.000641410109352276	0.000836280466301928
ctarjeta_debito_lag3	0.00048070468545544	0.000764095173504992	0.000715372447077552
cproductos_lag2	0.000477568762091953	0.000752572997291007	0.00128968553839333
ccaja_ahorro_avg3	0.000476241824251784	0.000780246895022979	0.000544086086509688
vmr_msaldototal_delta1	0.000472709848337495	0.0012619595318862	0.00118892885570635
catm_trx_other_ratioavg3	0.000464833638715079	0.000710880189233646	0.000846356134570625
mextraccion_autoservicio_rank_tend3	0.000457881562583549	0.00120362605694616	0.000876583139376719
mautoservicio_rank_min3	0.000457660507665492	0.00129612960103019	0.00234763070660662
ccallcenter_transacciones_max3	0.000457136672615807	0.00256531340635957	0.00103779383167589
mtransferencias_emitidas_rank_delta1	0.000455213102933159	0.00224738196695957	0.000997491158601094
mcuenta_debitos_automaticos_rank_lag2	0.000426379374572304	0.00104940625846419	0.000896734475914115
vmr_Visa_mlimitecompra_min3	0.000424922514702969	0.000538806519376193	0.000755675120152344
vm_mpagado_rank_delta3	0.000424056667921564	0.000755699839405799	0.000614615764390573
ccheques_depositados_max3	0.000421567230829118	0.00255016135202159	0.000211589033642656
mtarjeta_master_consumo_rank_ratioavg3	0.000421226186548299	0.00081946935690321	0.000795977793227136
mcuenta_debitos_automaticos_rank_max3	0.00041780324843326	0.00086388639893252	0.000745599451883646
vm_cconsumos_lag2	0.000417145264043004	0.000632681595558672	0.000846356134570625
cproductos_lag3	0.000407448644029539	0.000608743255784568	0.00110832350955677
ccaja_seguridad_lag2	0.000398729849470268	0.00016757952283757	6.04540096121875e-05
mcuenta_debitos_automaticos_rank_lag1	0.000395103717140265	0.000787434020403339	0.000685145442271459
mcuenta_debitos_automaticos_rank_avg3	0.000378631344931388	0.000683013633962116	0.000846356134570625
ctarjeta_master_transacciones	0.000376552987977139	0.0018529985333207	0.000392951062479219
vmr_mpagado_lag3	0.000375441267025163	0.00125543236105625	0.000695221110540157
Master_fultimo_cierre_delta2	0.000371423438512167	0.0002274784683833	0.000735523783614948
mtarjeta_master_consumo_rank_lag3	0.000368564126152211	0.000753315702353751	0.000675069774002761
ccajas_consultas	0.000358939657344029	0.000669896396788959	0.000171286360567865
ctransferencias_emitidas_tend3	0.000357989409184403	0.0019259487462039	0.000554161754778386
ctarjeta_visa_debitos_automaticos_lag2	0.000348281484574261	0.000378638931747392	0.000574313091315782
ccomisiones_mantenimiento_lag3	0.000345554900497989	0.000642306146246703	0.000322421384598333
ccomisiones_otras_delta2	0.000344838869202649	0.00236576028966446	0.000695221110540157
inversion_antiguedad	0.000342859526740303	0.0032322137478342	0.000403026730747917
vm_msaldototal_rank	0.000336619015362118	0.00116265046269465	0.00131991254319943
Visa_mpagado_rank_delta3	0.000336451132712992	0.00105776329162965	0.0004836320768975
vmr_msaldodolares_ratioavg3	0.000325057513368368	0.00186990192667521	0.000554161754778386
financiamiento_corto_caja_ahorro_delta1	0.000316181369868556	0.000712463465290132	0.000523934749972292
mv_status07_rank_lag3	0.000315974066990509	0.00209157184709885	0.000473556408628802
prestamos_caja_ahorro_lag3	0.000312420445662691	0.00122971014568646	0.000513859081703594
cpagomiscuentas_lag2	0.000307438514791424	0.000887247662765324	0.000664994105734063
ccaja_seguridad_max3	0.000307349268881294	3.16748721938064e-05	2.01513365373958e-05
mprestamos_rank_lag1	0.000300116166778249	0.000411534053756254	0.000272043043254844
inversiones_caja_ahorro_total	0.000298999263368801	0.00118432546066923	0.000362724057673125
ctarjeta_visa_debitos_automaticos_lag1	0.000297160136670559	0.000493431825906892	0.000463480740360104
vm_status01_delta1	0.000292718332297344	0.000289281316196631	0.000110832350955677
Master_cconsumos	0.000288895725230615	0.000819011667149988	0.000564237423047084
catm_trx_other_max3	0.000277882705998429	0.000774125406658307	0.000473556408628802
mprestamos_rank_delta1	0.000268011280022626	0.00193359010272473	0.0004836320768975
minversiones_total_rank_lag3	0.000265491590276109	0.00117733419524764	0.000282118711523542
mv_status07_rank	0.000254023954632758	0.000509243962892051	0.000473556408628802
ccomisiones_mantenimiento_tend3	0.000242423594935468	0.000750434293647068	0.000120908019224375
thomebanking_lag3	0.000233038628641744	0.000135175523838463	0.000392951062479219
mcheques_depositados_rank_avg3	0.000229019320759585	0.00215921693232191	0.000231740370180052
mtarjeta_master_consumo_rank_min3	0.000218511267029575	0.00179769723698366	0.000433253735554011
inversion_antiguedad_lag3	0.000194345896480938	0.00125563347298252	0.000312345716329636
mprestamos_rank_lag2	0.000190012475299759	0.000656980527735608	0.000302270048060938
vm_status04_ratioavg3	0.000187987745487312	0.001159210039691	0.000322421384598333
ccaja_ahorro_lag2	0.000185742125592539	0.00068202882600724	0.000342572721135729
vmr_msaldodolares2_lag2	0.000180978598578047	0.00123970784226062	0.000403026730747917
Visa_mpagado_rank_lag1	0.000175802068764459	0.000697140273669666	0.000332497052867031
vm_Fvencimiento_tend3	0.000173296512978449	0.000303946474718216	0.000332497052867031
matm_other_rank	0.000169890990359453	0.000448278355556486	0.000342572721135729
ccallcenter_transacciones_lag2	0.000166114168545779	0.000670160148034938	0.000372799725941823
ctarjeta_visa_debitos_automaticos_tend3	0.000165401797862073	0.0007190431557951	0.00024181603844875
mv_status07_rank_delta1	0.000165359636980033	0.00117442486144546	0.000342572721135729
vm_status06_max3	0.000160855233631492	4.28978143569862e-05	0.000100756682686979
ccuenta_debitos_automaticos_lag1	0.000160441127831062	0.000461329879087493	0.000312345716329636
vm_mpagado_rank_delta1	0.000148063894678013	0.000401482940829703	0.000342572721135729
mtarjeta_visa_descuentos_rank_tend3	0.000141993806265056	0.00223099365071049	0.000171286360567865
vm_status06	0.000122044367852106	0.000297434163113387	0.000181362028836563
inversiones_saldo_total_min3	0.000108903856509505	0.00102244304160288	0.000161210692299167
vm_Fvencimiento_delta2	0.000103470729540268	0.000277357300420413	0.000201513365373958
vm_status02_max3	8.86586010021055e-05	0.00152276391171024	0.000130983687493073
vm_status05	7.38930212915166e-05	6.25251854899105e-05	0.000100756682686979
vm_status05_delta3	7.11734419212079e-05	0.000266439356662613	7.05296778808854e-05
cpayroll_trx_lag3	6.81990928683024e-05	0.000904019500738767	0.000302270048060938
ctarjeta_master	5.97786192030338e-05	2.08363484323672e-05	4.03026730747917e-05
vm_status01_delta2	3.1542830491776e-05	3.95979135081889e-05	5.03783413434896e-05
Visa_cadelantosefectivo_max3	3.08320276257409e-05	0.000214668919647658	5.03783413434896e-05
